Runtime 	 chooseBlock 	 findSubGraph 	 getCurrentWalks 	 writeWalks2Disk 	 exec_update 	 updateWalkNum 	 fine_grained_updates 	 #blocks
app = msppr, dataset = Twitter, L=10, numsources 1 from echo
3.83761  	  3.1e-05  	  3.82906  	  0.000132  	  0.008268  	  2e-06  	  356
3.88318  	  5e-05  	  3.87552  	  8.4e-05  	  0.007404  	  2e-06  	  356
3.85882  	  4.3e-05  	  3.85097  	  8.7e-05  	  0.007616  	  3e-06  	  356
3.90214  	  3.2e-05  	  3.89483  	  9.2e-05  	  0.007079  	  2e-06  	  356
3.88013  	  4.7e-05  	  3.87204  	  8.7e-05  	  0.007847  	  2e-06  	  356
app = msppr, dataset = Twitter, L=10, numsources 100 from echo
3.98126  	  6.5e-05  	  3.84911  	  0.002741  	  0.128831  	  0.000192  	  356
3.93987  	  5.6e-05  	  3.81172  	  0.002758  	  0.124999  	  0.000149  	  356
3.98395  	  3.2e-05  	  3.86046  	  0.002779  	  0.120328  	  0.000143  	  356
3.97268  	  5.6e-05  	  3.85584  	  0.002735  	  0.113684  	  0.000148  	  356
3.99502  	  3e-05  	  3.87975  	  0.002632  	  0.112269  	  0.000135  	  356
app = msppr, dataset = Twitter, L=10, numsources 10000 from echo
13.707  	  3.5e-05  	  3.87517  	  0.091528  	  9.73278  	  0.007407  	  356
13.9928  	  3.7e-05  	  3.8062  	  0.091688  	  10.0855  	  0.009241  	  356
13.5886  	  4e-05  	  3.85954  	  0.102783  	  9.61655  	  0.009504  	  356
13.6102  	  3.5e-05  	  3.83382  	  0.095498  	  9.67345  	  0.007215  	  356
13.4997  	  3.7e-05  	  3.87637  	  0.094766  	  9.51885  	  0.009556  	  356
app = msppr, dataset = friendster, L=10, numsources 1 from echo
6.51957  	  0.0001  	  6.4912  	  0.000838  	  0.02727  	  1.5e-05  	  4935
6.5458  	  5.1e-05  	  6.51568  	  0.000946  	  0.028941  	  1.7e-05  	  4935
6.52378  	  9.7e-05  	  6.49666  	  0.000929  	  0.025891  	  1.6e-05  	  4935
6.61635  	  5.8e-05  	  6.58651  	  0.000842  	  0.028773  	  1.6e-05  	  4935
6.56109  	  6.4e-05  	  6.53228  	  0.000841  	  0.027736  	  1.5e-05  	  4935
app = msppr, dataset = friendster, L=10, numsources 100 from echo
6.60862  	  9.6e-05  	  6.51878  	  0.00236  	  0.08709  	  0.000136  	  4935
6.53606  	  7.4e-05  	  6.4421  	  0.004463  	  0.089074  	  0.000124  	  4935
6.67407  	  5.2e-05  	  6.57929  	  0.004401  	  0.08997  	  0.000152  	  4935
6.60998  	  5e-05  	  6.51976  	  0.00378  	  0.086074  	  0.000126  	  4935
6.66256  	  9.6e-05  	  6.56972  	  0.002316  	  0.090107  	  0.00014  	  4935
app = msppr, dataset = friendster, L=10, numsources 10000 from echo
11.335  	  7.2e-05  	  6.58537  	  0.095416  	  4.64828  	  0.005725  	  4935
11.4041  	  5.7e-05  	  6.54587  	  0.095344  	  4.75693  	  0.0057  	  4935
11.7748  	  6.2e-05  	  6.48604  	  0.094347  	  5.18816  	  0.005999  	  4935
11.6444  	  7.3e-05  	  6.44132  	  0.094713  	  5.10241  	  0.005748  	  4935
11.2598  	  7.2e-05  	  6.55028  	  0.092158  	  4.61147  	  0.005669  	  4935
app = msppr, dataset = K30, L=10, numsources 1 from echo
0.937511  	  3.7e-05  	  0.097855  	  0.002442  	  0.002931  	  0.000326  	  0.833484  	  1027
0.943589  	  3.7e-05  	  0.100198  	  0.0023  	  0.002837  	  0.000346  	  0.837554  	  1027
0.936359  	  4.8e-05  	  0.098409  	  0.002613  	  0.006337  	  0.000403  	  0.828077  	  1027
0.931616  	  4e-05  	  0.098463  	  0.002006  	  0.002791  	  0.000345  	  0.827666  	  1027
0.939886  	  6.9e-05  	  0.09963  	  0.002004  	  0.003168  	  0.000344  	  0.834373  	  1027
app = msppr, dataset = K30, L=10, numsources 100 from echo
20.4195  	  9.9e-05  	  0.103454  	  0.006065  	  0.019417  	  0.001086  	  20.289  	  1027
20.4172  	  6.4e-05  	  0.102287  	  0.005435  	  0.015925  	  0.001115  	  20.2919  	  1027
20.5273  	  4e-05  	  0.106963  	  0.005613  	  0.020848  	  0.001033  	  20.3924  	  1027
20.4812  	  7.8e-05  	  0.100316  	  0.005575  	  0.019812  	  0.000969  	  20.354  	  1027
20.5734  	  6.9e-05  	  0.100371  	  0.006044  	  0.02005  	  0.001086  	  20.4453  	  1027
app = msppr, dataset = K30, L=10, numsources 10000 from echo
222.015  	  0.013808  	  196.49  	  0.246455  	  7.45483  	  0.169605  	  17.5368  	  1027
231.273  	  0.013871  	  204.309  	  0.245932  	  8.44506  	  0.161078  	  17.999  	  1027
228.147  	  0.013445  	  202.115  	  0.249134  	  8.10566  	  0.166218  	  17.3985  	  1027
224.258  	  0.013754  	  198.853  	  0.247402  	  7.96755  	  0.175578  	  16.9001  	  1027
app = msppr, dataset = Twitter, C=0.15, numsources 1 from echo
3.82057  	  5.8e-05  	  3.81173  	  8.7e-05  	  0.008586  	  2e-06  	  356
3.91164  	  3.6e-05  	  3.9024  	  8.5e-05  	  0.009009  	  3e-06  	  356
3.88197  	  5.4e-05  	  3.87337  	  9e-05  	  0.008343  	  2e-06  	  356
3.81914  	  5.6e-05  	  3.81  	  8.6e-05  	  0.008862  	  3e-06  	  356
3.92173  	  5.1e-05  	  3.9124  	  8.3e-05  	  0.009086  	  2e-06  	  356
app = msppr, dataset = Twitter, C=0.15, numsources 100 from echo
4.03443  	  3.3e-05  	  3.8642  	  0.002747  	  0.16708  	  0.000155  	  356
4.00979  	  4.4e-05  	  3.84572  	  0.001356  	  0.162349  	  0.000142  	  356
4.05043  	  4.1e-05  	  3.90137  	  0.001346  	  0.147269  	  0.00024  	  356
4.06888  	  3.8e-05  	  3.89998  	  0.001437  	  0.167109  	  0.000168  	  356
4.01844  	  6.3e-05  	  3.8563  	  0.001408  	  0.160319  	  0.000169  	  356
app = msppr, dataset = Twitter, C=0.15, numsources 10000 from echo
18.2683  	  3.6e-05  	  3.93185  	  0.100632  	  14.2233  	  0.012341  	  356
17.1468  	  4.2e-05  	  3.79623  	  0.091809  	  13.2489  	  0.009641  	  356
17.4062  	  3.6e-05  	  3.88226  	  0.094469  	  13.4201  	  0.009142  	  356
16.9513  	  4e-05  	  3.87046  	  0.094815  	  12.9762  	  0.009663  	  356
17.177  	  3.6e-05  	  3.79498  	  0.091403  	  13.2805  	  0.009925  	  356
app = msppr, dataset = friendster, C=0.15, numsources 1 from echo
6.48443  	  5.2e-05  	  6.45739  	  0.000834  	  0.025959  	  1.5e-05  	  4935
6.4689  	  5.4e-05  	  6.44422  	  0.000895  	  0.023584  	  1.5e-05  	  4935
6.52389  	  9.8e-05  	  6.49685  	  0.000844  	  0.025942  	  1.5e-05  	  4935
6.49406  	  5.4e-05  	  6.46635  	  0.000839  	  0.02666  	  1.5e-05  	  4935
6.52939  	  0.000124  	  6.45556  	  0.000999  	  0.072466  	  1.6e-05  	  4935
app = msppr, dataset = friendster, C=0.15, numsources 100 from echo
6.60198  	  9.9e-05  	  6.50271  	  0.002242  	  0.09662  	  0.000134  	  4935
6.539  	  0.000151  	  6.43982  	  0.00219  	  0.096549  	  0.000138  	  4935
6.57224  	  6.3e-05  	  6.4705  	  0.00217  	  0.099217  	  0.000133  	  4935
6.55648  	  5.1e-05  	  6.44889  	  0.002199  	  0.10501  	  0.000141  	  4935
6.54918  	  5.3e-05  	  6.45191  	  0.00222  	  0.094694  	  0.000142  	  4935
app = msppr, dataset = friendster, C=0.15, numsources 10000 from echo
11.8938  	  5.9e-05  	  6.51639  	  0.094784  	  5.27673  	  0.005708  	  4935
11.863  	  7.9e-05  	  6.44134  	  0.092706  	  5.32302  	  0.005657  	  4935
11.6868  	  5.6e-05  	  6.43748  	  0.093332  	  5.15002  	  0.005807  	  4935
11.754  	  8.5e-05  	  6.47371  	  0.094492  	  5.17965  	  0.005932  	  4935
12.0601  	  8e-05  	  6.38848  	  0.094624  	  5.57108  	  0.005673  	  4935
app = msppr, dataset = K30, C=0.15, numsources 1 from echo
0.92999  	  4e-05  	  0.098115  	  0.002322  	  0.005845  	  0.000311  	  0.823005  	  1027
0.890076  	  6.9e-05  	  0.099439  	  0.002151  	  0.003004  	  0.000283  	  0.784791  	  1027
0.92752  	  5.8e-05  	  0.100413  	  0.002699  	  0.007278  	  0.000334  	  0.816365  	  1027
0.919682  	  3.5e-05  	  0.099673  	  0.002355  	  0.006135  	  0.000319  	  0.810778  	  1027
0.943541  	  3.6e-05  	  0.099251  	  0.002619  	  0.002683  	  0.000406  	  0.838145  	  1027
app = msppr, dataset = K30, C=0.15, numsources 100 from echo
20.6552  	  4e-05  	  0.09903  	  0.006554  	  0.017422  	  0.001126  	  20.5306  	  1027
20.5129  	  4.1e-05  	  0.101695  	  0.006599  	  0.017311  	  0.001248  	  20.3855  	  1027
20.6644  	  3.8e-05  	  0.101476  	  0.006278  	  0.017765  	  0.001071  	  20.5373  	  1027
20.6061  	  4.8e-05  	  0.098784  	  0.006271  	  0.018383  	  0.001096  	  20.4811  	  1027
20.5234  	  4.9e-05  	  0.098975  	  0.006185  	  0.017412  	  0.001089  	  20.3992  	  1027
app = msppr, dataset = K30, C=0.15, numsources 10000 from echo
235.023  	  0.014087  	  205.519  	  0.250305  	  8.01275  	  0.173262  	  20.955  	  1027
234.603  	  0.013944  	  205.812  	  0.248429  	  8.05446  	  0.173135  	  20.2006  	  1027
230.308  	  0.0142  	  202.242  	  0.246962  	  7.59725  	  0.17244  	  19.9353  	  1027
235.515  	  0.014045  	  207.966  	  0.249195  	  7.45662  	  0.17149  	  19.5605  	  1027
226.276  	  0.014762  	  198.044  	  0.243929  	  7.83838  	  0.178341  	  19.8478  	  1027
