app = kk_ppr, dataset = Twitter from echo
app = kk_ppr, dataset = friendster from echo
15.0562  	  6.7e-05  	  8.87181  	  0.599068  	  5.56413  	  0.020943  	  6915
15.1858  	  6.3e-05  	  8.9045  	  0.612828  	  5.64988  	  0.018382  	  6915
15.1482  	  6.9e-05  	  9.05325  	  0.603149  	  5.47307  	  0.018432  	  6915
15.0686  	  6.4e-05  	  8.86534  	  0.596253  	  5.58823  	  0.018451  	  6915
15.0336  	  6.4e-05  	  8.95825  	  0.585296  	  5.47115  	  0.018633  	  6915
app = node2vec, dataset = Twitter(undirected), L=10 from echo
31.8368  	  7.7e-05  	  6.09809  	  1.05923  	  24.5853  	  0.09385  	  582
31.6559  	  9.2e-05  	  6.07857  	  1.01518  	  24.4646  	  0.097354  	  582
31.5506  	  6.4e-05  	  6.05904  	  1.03193  	  24.3653  	  0.094106  	  582
32.9403  	  6.8e-05  	  6.78663  	  1.75591  	  24.3037  	  0.093892  	  582
31.627  	  6.1e-05  	  6.13145  	  1.0245  	  24.3778  	  0.093051  	  582
app = node2vec, dataset = friendster(undirected), L=10 from echo
46.8862  	  0.000122  	  9.05855  	  1.36366  	  36.3683  	  0.095454  	  6915
47.0092  	  0.0001  	  9.04819  	  1.38081  	  36.4837  	  0.096212  	  6915
46.9817  	  0.000123  	  9.07406  	  1.40475  	  36.4088  	  0.093776  	  6915
46.822  	  0.000108  	  8.93527  	  1.39099  	  36.3962  	  0.099306  	  6915
47.2364  	  0.000128  	  9.40843  	  1.41152  	  36.3225  	  0.093704  	  6915
app = node2vec, dataset = Twitter(undirected), L=80 from echo
237.632  	  6.5e-05  	  6.05189  	  1.03148  	  230.451  	  0.097135  	  582
240.484  	  6.6e-05  	  7.317  	  1.39063  	  231.678  	  0.098515  	  582
239.018  	  6.7e-05  	  7.10275  	  1.4591  	  230.363  	  0.093184  	  582
238.307  	  6.3e-05  	  6.7924  	  1.34793  	  230.071  	  0.095297  	  582
237.988  	  3.7e-05  	  6.59061  	  1.35675  	  229.946  	  0.09448  	  582
app = node2vec, dataset = friendster(undirected), L=80 from echo
331.773  	  0.000118  	  9.2452  	  1.37502  	  321.055  	  0.09807  	  6915
353.876  	  0.000123  	  9.18243  	  1.44711  	  343.145  	  0.101152  	  6915
363.499  	  0.000118  	  9.33023  	  1.42305  	  352.646  	  0.098891  	  6915
335.014  	  0.000128  	  9.17818  	  1.36677  	  324.37  	  0.098088  	  6915
334.577  	  0.000124  	  9.22235  	  1.36972  	  323.886  	  0.099206  	  6915
