app = msppr, dataset = Twitter, numsources 1 from echo
3.83425  	  5.9e-05  	  3.82558  	  9.1e-05  	  0.008389  	  2e-06  	  356
3.80428  	  5.8e-05  	  3.79636  	  8.2e-05  	  0.007673  	  2e-06  	  356
3.84215  	  3e-05  	  3.83442  	  7.7e-05  	  0.007524  	  3e-06  	  356
3.83265  	  5.6e-05  	  3.82497  	  8.7e-05  	  0.007419  	  2e-06  	  356
3.79467  	  6.2e-05  	  3.78668  	  8.1e-05  	  0.007727  	  3e-06  	  356
app = msppr, dataset = Friendster, numsources 1 from echo
6.44928  	  5.6e-05  	  6.41995  	  0.000841  	  0.028275  	  1.5e-05  	  4935
6.41723  	  5.1e-05  	  6.38278  	  0.000849  	  0.033371  	  1.7e-05  	  4935
6.43563  	  9.6e-05  	  6.40756  	  0.000943  	  0.026868  	  1.5e-05  	  4935
6.35646  	  9.6e-05  	  6.32579  	  0.000847  	  0.029569  	  1.5e-05  	  4935
6.41832  	  0.000105  	  6.38703  	  0.00093  	  0.030022  	  1.6e-05  	  4935
app = msppr, dataset = Yahoo, numsources 1 from echo
21.7598  	  0.000172  	  21.6921  	  0.003601  	  0.063654  	  3.7e-05  	  12660
21.8269  	  0.000168  	  21.7577  	  0.003629  	  0.065104  	  3.7e-05  	  12660
22.1216  	  0.000166  	  22.0532  	  0.003689  	  0.06408  	  3.7e-05  	  12660
21.7361  	  0.000176  	  21.6684  	  0.003641  	  0.063626  	  3.7e-05  	  12660
22.1356  	  9.8e-05  	  22.0672  	  0.003594  	  0.064442  	  3.7e-05  	  12660
app = msppr, dataset = Kron30, numsources 1 from echo
0.942496  	  4e-05  	  0.096663  	  0.001942  	  0.003521  	  0.000278  	  0.839764  	  1027
0.940607  	  7.9e-05  	  0.100466  	  0.001828  	  0.012462  	  0.000268  	  0.825196  	  1027
0.95897  	  6.2e-05  	  0.099031  	  0.00217  	  0.002845  	  0.000324  	  0.854197  	  1027
0.924548  	  5.3e-05  	  0.099009  	  0.002341  	  0.00298  	  0.000347  	  0.819468  	  1027
0.940205  	  6e-05  	  0.099485  	  0.002053  	  0.004582  	  0.000316  	  0.833401  	  1027
app = msppr, dataset = Kron31, numsources 1 from echo
2.18633  	  0.00203  	  0.00883  	  0.344772  	  0.026248  	  0.006016  	  1.79277  	  133619
2.17395  	  0.001869  	  0.008196  	  0.344525  	  0.025967  	  0.00589  	  1.78169  	  133619
2.15358  	  0.002035  	  0.007949  	  0.344606  	  0.029332  	  0.00594  	  1.75805  	  133619
2.17666  	  0.002054  	  0.007767  	  0.359928  	  0.025124  	  0.006057  	  1.77  	  133619
2.1593  	  0.000981  	  0.007681  	  0.346127  	  0.026766  	  0.006035  	  1.76608  	  133619
app = msppr, dataset = Crawl, numsources 1 from echo
1.62005  	  0.003628  	  0.008612  	  0.622319  	  0.025846  	  0.006966  	  0.942917  	  243047
1.6104  	  0.003909  	  0.008393  	  0.636192  	  0.025922  	  0.007081  	  0.918627  	  243047
1.60162  	  0.001783  	  0.007937  	  0.617596  	  0.020644  	  0.007169  	  0.936615  	  243047
1.56952  	  0.003365  	  0.008321  	  0.616048  	  0.022369  	  0.007134  	  0.902294  	  243047
1.62286  	  0.003655  	  0.008673  	  0.62791  	  0.02279  	  0.007571  	  0.942035  	  243047
app = simrank, dataset = Twitter from echo
3.83804  	  3.1e-05  	  3.83409  	  9.9e-05  	  0.003713  	  3e-06  	  356
3.76734  	  3.1e-05  	  3.76453  	  0.000115  	  0.002565  	  2e-06  	  356
3.82848  	  3.6e-05  	  3.82101  	  0.000102  	  0.007199  	  2e-06  	  356
3.78864  	  5.2e-05  	  3.78221  	  0.0001  	  0.006155  	  3e-06  	  356
3.83317  	  5.2e-05  	  3.83034  	  0.000102  	  0.002542  	  3e-06  	  356
app = simrank, dataset = Friendster from echo
6.52747  	  5.5e-05  	  6.49899  	  0.000963  	  0.027207  	  1.7e-05  	  4935
6.36064  	  5.1e-05  	  6.33327  	  0.000898  	  0.026256  	  1.6e-05  	  4935
6.36911  	  5.2e-05  	  6.34171  	  0.000992  	  0.026155  	  1.7e-05  	  4935
6.48107  	  5.1e-05  	  6.45705  	  0.000853  	  0.022928  	  1.6e-05  	  4935
6.39251  	  5.1e-05  	  6.36755  	  0.000858  	  0.023877  	  1.6e-05  	  4935
app = simrank, dataset = Yahoo from echo
21.8965  	  0.000112  	  21.8139  	  0.00423  	  0.077985  	  3.8e-05  	  12660
21.687  	  8.4e-05  	  21.6225  	  0.003544  	  0.060624  	  3.8e-05  	  12660
22.1203  	  8.6e-05  	  22.0588  	  0.003605  	  0.057562  	  3.8e-05  	  12660
22.0204  	  8.4e-05  	  21.9568  	  0.003609  	  0.059614  	  3.8e-05  	  12660
21.7018  	  0.000166  	  21.6367  	  0.003683  	  0.061006  	  3.8e-05  	  12660
app = simrank, dataset = Kron30 from echo
2.16035  	  3.8e-05  	  0.104714  	  0.00246  	  0.00842  	  0.000733  	  2.04355  	  1027
2.16295  	  6.3e-05  	  0.099581  	  0.002372  	  0.008136  	  0.000679  	  2.05172  	  1027
2.17267  	  7.8e-05  	  0.097794  	  0.002352  	  0.007936  	  0.000655  	  2.06351  	  1027
2.14589  	  4e-05  	  0.099001  	  0.002423  	  0.00873  	  0.000668  	  2.03461  	  1027
2.16561  	  6.9e-05  	  0.09993  	  0.002764  	  0.008576  	  0.000848  	  2.05297  	  1027
app = simrank, dataset = Kron31 from echo
4.59607  	  0.001069  	  0.007626  	  0.345835  	  0.03167  	  0.008947  	  4.19479  	  133619
4.6457  	  0.001421  	  0.007623  	  0.341538  	  0.031901  	  0.008887  	  4.24014  	  133619
4.58146  	  0.002218  	  0.007835  	  0.347885  	  0.033394  	  0.009121  	  4.175  	  133619
4.65219  	  0.001143  	  0.007849  	  0.345817  	  0.033668  	  0.009268  	  4.2488  	  133619
4.62338  	  0.001251  	  0.008011  	  0.342979  	  0.031917  	  0.009204  	  4.22409  	  133619
app = simrank, dataset = Crawl from echo
2.42874  	  0.003998  	  0.008336  	  0.61878  	  0.025923  	  0.007329  	  1.75451  	  243047
2.45923  	  0.004011  	  0.008423  	  0.628502  	  0.026101  	  0.007309  	  1.77479  	  243047
2.44524  	  0.00217  	  0.008115  	  0.619412  	  0.025024  	  0.007324  	  1.77306  	  243047
2.48011  	  0.003988  	  0.008593  	  0.646958  	  0.026003  	  0.007375  	  1.77689  	  243047
2.41521  	  0.001916  	  0.007778  	  0.618701  	  0.02299  	  0.007413  	  1.74669  	  243047
app = graphlet, dataset = Twitter from echo
Runtime 	 chooseBlock 	 findSubGraph 	 getCurrentWalks 	 writeWalks2Disk 	 exec_update 	 updateWalkNum 	 fine_grained_updates 	 #blocks
app = graphlet, dataset = Twitter from echo
3.86541  	  2.8e-05  	  3.85217  	  0.00118  	  0.01171  	  6.9e-05  	  356
4.00844  	  2.6e-05  	  3.87758  	  0.002585  	  0.127864  	  9.5e-05  	  356
3.82434  	  2.5e-05  	  3.81126  	  0.001053  	  0.01164  	  9.9e-05  	  356
3.85274  	  2.3e-05  	  3.83867  	  0.001053  	  0.01248  	  0.000138  	  356
3.69827  	  2.5e-05  	  3.67601  	  0.001373  	  0.020085  	  6.7e-05  	  0.000207  	  356
app = graphlet, dataset = Friendster from echo
6.47649  	  4.2e-05  	  6.43882  	  0.003201  	  0.034038  	  8.1e-05  	  4935
6.64671  	  3.8e-05  	  6.60533  	  0.003173  	  0.037741  	  0.000103  	  4935
6.53112  	  4.3e-05  	  6.48789  	  0.003269  	  0.03948  	  0.000111  	  4935
6.52443  	  3.8e-05  	  6.48423  	  0.00316  	  0.036565  	  0.000108  	  4935
6.53291  	  3.8e-05  	  6.49556  	  0.003142  	  0.033745  	  8.4e-05  	  4935
app = graphlet, dataset = Yahoo from echo
22.1427  	  6.2e-05  	  22.061  	  0.006141  	  0.074981  	  0.000131  	  12660
22.1266  	  6.4e-05  	  22.0491  	  0.005956  	  0.07107  	  0.000102  	  12660
22.6256  	  6.3e-05  	  22.5486  	  0.005816  	  0.070649  	  0.000119  	  12660
21.9146  	  5.3e-05  	  21.8182  	  0.017576  	  0.073023  	  0.000225  	  0.004847  	  12660
22.3698  	  6.4e-05  	  22.2881  	  0.006913  	  0.074287  	  0.000119  	  12660
app = graphlet, dataset = Kron30 from echo
35.9143  	  2.8e-05  	  0.101043  	  0.003674  	  0.001868  	  0.000376  	  35.807  	  1027
35.7766  	  3.1e-05  	  0.101183  	  0.00376  	  0.003594  	  0.00043  	  35.6672  	  1027
app = graphlet, dataset = Kron31 from echo
50.8887  	  0.000454  	  0.054987  	  0.170364  	  0.00852  	  0.024516  	  50.6271  	  133619
51.0963  	  0.000476  	  0.050733  	  0.167161  	  0.00453  	  0.018645  	  50.852  	  133619
app = graphlet, dataset = Crawl from echo
118.388  	  0.0008  	  0.083068  	  0.303796  	  0.015882  	  0.03291  	  117.946  	  243047
117.506  	  0.00079  	  0.081997  	  0.303097  	  0.014754  	  0.032951  	  117.068  	  243047
app = rwdomination, dataset = Twitter from echo
7.74978  	  4.5e-05  	  3.04967  	  0.439738  	  4.2392  	  0.020994  	  356
8.46068  	  6.3e-05  	  3.8315  	  0.362447  	  4.24061  	  0.025913  	  356
8.3192  	  5e-05  	  3.83505  	  0.284335  	  4.17327  	  0.026326  	  356
8.45064  	  3.6e-05  	  3.87777  	  0.267551  	  4.27889  	  0.026258  	  356
8.34886  	  4.9e-05  	  3.79787  	  0.26133  	  4.26306  	  0.026415  	  356
app = rwdomination, dataset = Friendster from echo
11.9778  	  8.9e-05  	  6.52415  	  0.455855  	  4.9707  	  0.026808  	  4935
11.7404  	  0.000102  	  6.57307  	  0.462228  	  4.67858  	  0.026235  	  4935
11.9561  	  0.000102  	  6.5846  	  0.452414  	  4.89176  	  0.027054  	  4935
11.8158  	  9.8e-05  	  6.47294  	  0.463136  	  4.85211  	  0.027344  	  4935
12.0781  	  5.6e-05  	  6.57856  	  0.529134  	  4.94342  	  0.026792  	  4935
app = rwdomination, dataset = Yahoo from echo
135.161  	  0.000215  	  25.4479  	  5.81158  	  103.502  	  0.398989  	  12660
132.286  	  0.000174  	  25.46  	  5.98935  	  100.429  	  0.406451  	  12660
app = rwdomination, dataset = Kron30 from echo
772.823  	  0.000672  	  283.277  	  26.3886  	  457.951  	  1.37027  	  3.831  	  1027
762.749  	  0.000682  	  273.958  	  26.2124  	  457.395  	  1.35284  	  3.82488  	  1027
app = rwdomination, dataset = Kron31 from echo
Runtime 	 chooseBlock 	 findSubGraph 	 getCurrentWalks 	 writeWalks2Disk 	 exec_update 	 updateWalkNum 	 fine_grained_updates 	 #blocks
