
##################################
log size = 4MB
##################################

2020.12.2 
app = dynamictest, dataset = Friendster, SSD-RAID0
Turn on Page Cache, clear pagecache each time
addEdges	compaction	#compaction	1_loadLog	2_computeDegree	3_loadSubGraph	4_mallocNewCSR	5_compBeg	6_copyCSR	7_mergeLog2CSR	8_splitSubGraph	#splitSubGraph	8_writeSubGraph	9_free	flush	#flush	1_malloc	2_log_classification	3_write_logs	4_free	runtime
##################################
1. uniform #vertices in each block
buffer capacity = 2MB, each block's #vertices =  32768 , logsize =  4 , segsize =  65536 , from echo
284.097  	  80.7258  	  3981  	  4.20069  	  25.5933  	  3.23818  	  0.015949  	  0.769643  	  3.30298  	  37.6242  	  5.61969  	  0.317218  	  259.095  	  9866  	  3.86889  	  45.1822  	  205.692  	  4.29695  	  690.81
288.533  	  79.2902  	  3981  	  4.21343  	  24.9318  	  3.26396  	  0.016603  	  0.767457  	  3.30364  	  36.755  	  5.67637  	  0.317908  	  263.435  	  9866  	  3.71251  	  45.3115  	  210.077  	  4.27844  	  697.326
285.246  	  79.0735  	  3981  	  4.19448  	  24.8599  	  3.27084  	  0.01533  	  0.774402  	  3.29819  	  36.6311  	  5.66858  	  0.317052  	  260.289  	  9866  	  3.71208  	  45.2956  	  206.869  	  4.35723  	  692.719
buffer capacity = 2MB, each block's #vertices =  65536 , logsize =  4 , segsize =  65536 , from echo
248.905  	  102.336  	  4424  	  4.32424  	  27.5459  	  8.09462  	  0.013229  	  1.41655  	  7.90539  	  40.4835  	  12.1915  	  0.309753  	  224.108  	  9866  	  1.81227  	  44.2829  	  175.861  	  2.09793  	  656.39
252.245  	  102.212  	  4424  	  4.31349  	  27.5194  	  8.096  	  0.013226  	  1.41553  	  7.86224  	  40.3988  	  12.2369  	  0.306667  	  223.537  	  9866  	  1.77025  	  44.2577  	  175.368  	  2.08872  	  659.248
285.326  	  106.777  	  4424  	  4.47622  	  29.0099  	  8.3021  	  0.013988  	  1.48273  	  8.23081  	  42.2358  	  12.6524  	  0.318874  	  259.082  	  9866  	  1.87139  	  46.5134  	  208.412  	  2.22763  	  709.49
buffer capacity = 2MB, each block's #vertices =  131072 , logsize =  4 , segsize =  65536 , from echo
280.305  	  154.965  	  4670  	  4.53882  	  29.7356  	  19.8945  	  0.031309  	  2.78016  	  26.7893  	  44.1436  	  25.2534  	  1.73791  	  255  	  9866  	  0.913618  	  44.3  	  208.652  	  1.08064  	  692.006
274.052  	  154.85  	  4670  	  4.54129  	  29.6297  	  19.9627  	  0.029941  	  2.78683  	  26.8311  	  43.9578  	  25.3109  	  1.74125  	  248.946  	  9866  	  0.904109  	  44.0373  	  202.882  	  1.0703  	  685.371
268.996  	  153.308  	  4670  	  4.49665  	  29.3159  	  19.7601  	  0.030724  	  2.73536  	  26.599  	  43.497  	  25.0818  	  1.7328  	  244.129  	  9866  	  0.895867  	  43.6056  	  198.517  	  1.06022  	  676.336
buffer capacity = 2MB, each block's #vertices =  262144 , logsize =  4 , segsize =  65536 , from echo
437.726  	  320.142  	  4792  	  9.09501  	  33.284  	  80.8961  	  0.058885  	  8.0719  	  84.6137  	  45.8338  	  48.4815  	  9.74022  	  413.098  	  9866  	  6.44586  	  50.3228  	  348.526  	  7.74913  	  876.835
435.155  	  318.715  	  4792  	  9.08887  	  33.1408  	  80.4668  	  0.057325  	  8.03517  	  83.9798  	  45.752  	  48.5491  	  9.57788  	  410.536  	  9866  	  6.43283  	  50.2945  	  346.022  	  7.73241  	  841.57
434.862  	  319.091  	  4792  	  9.0869  	  33.2459  	  80.4883  	  0.057022  	  8.05762  	  84.1808  	  45.8055  	  48.4944  	  9.60823  	  410.055  	  9866  	  6.44079  	  50.2429  	  345.587  	  7.73059  	  841.48
buffer capacity = 2MB, each block's #vertices =  524288 , logsize =  4 , segsize =  65536 , from echo
667.446  	  565.29  	  4836  	  8.95748  	  37.1889  	  166.206  	  0.068113  	  15.7868  	  171.853  	  47.4072  	  94.9697  	  22.7816  	  643.409  	  9866  	  3.26888  	  50.025  	  583.843  	  6.21907  	  1073.47
668.212  	  565.756  	  4836  	  8.97759  	  37.124  	  165.867  	  0.069946  	  15.7883  	  171.776  	  47.229  	  96.0716  	  22.7803  	  644.058  	  9866  	  3.27351  	  50.0337  	  584.411  	  6.28622  	  1074.87
667.649  	  565.619  	  4836  	  8.97653  	  37.139  	  166.097  	  0.065872  	  15.7579  	  172.167  	  47.3582  	  95.2802  	  22.7049  	  643.514  	  9866  	  3.27048  	  50.1374  	  583.862  	  6.19065  	  1071.46
buffer capacity = 2MB, each block's #vertices =  1048576 , logsize =  4 , segsize =  65536 , from echo
1150.8  	  1053.73  	  4849  	  9.30646  	  44.8779  	  337.985  	  0.074178  	  31.032  	  345.98  	  49.1062  	  187.654  	  47.6332  	  1126.13  	  9866  	  1.70133  	  50.0967  	  1067.69  	  6.59263  	  1556.77
1150.03  	  1052.72  	  4849  	  9.31115  	  44.9938  	  336.901  	  0.074981  	  30.9389  	  346.937  	  49.2098  	  187.482  	  46.7932  	  1125.32  	  9866  	  1.71262  	  50.0673  	  1066.9  	  6.58429  	  1555.51
1142.17  	  1045.05  	  4849  	  9.287  	  44.5897  	  335.022  	  0.074038  	  30.8805  	  343.421  	  48.7916  	  186.197  	  46.7135  	  1117.49  	  9866  	  1.69026  	  50.1273  	  1059.08  	  6.54394  	  1547.09
buffer capacity = 2MB, each block's #vertices =  2097152 , logsize =  4 , segsize =  65536 , from echo
2092.87  	  1996.62  	  4818  	  9.15724  	  58.9978  	  670.934  	  0.078924  	  60.0213  	  684.282  	  50.3134  	  368.506  	  94.2496  	  2068.23  	  9866  	  0.911392  	  49.7445  	  2008.46  	  9.0686  	  2498.7
2093.94  	  1997.92  	  4818  	  9.17232  	  59.0796  	  671.557  	  0.083041  	  60.1998  	  685.691  	  50.2915  	  368.949  	  92.8127  	  2069.29  	  9866  	  0.889386  	  49.5253  	  2009.71  	  9.11592  	  2500.09
2103.19  	  2007.17  	  4818  	  9.2152  	  59.1687  	  675.111  	  0.081932  	  60.2612  	  687.538  	  50.1901  	  372.121  	  93.4041  	  2078.52  	  9866  	  0.891704  	  49.552  	  2018.89  	  9.13335  	  2508.15

##################################
2. uniform #edges in each block
buffer capacity = 2MB, each block's #vertices =  134217728 , logsize =  4 , segsize =  8 , from echo
556.343  	  212.325  	  4161  	  7.99801  	  42.0213  	  29.4499  	  0.034574  	  31.9225  	  29.0568  	  40.2516  	  18.1035  	  1766  	  8.47647  	  4.96175  	  531.372  	  9866  	  18.2649  	  201.568  	  299.76  	  11.7198  	  963.669
564.444  	  213.3  	  4161  	  8.00587  	  42.2443  	  29.6246  	  0.035132  	  31.8818  	  29.1332  	  40.3468  	  18.4265  	  1766  	  8.55975  	  4.99199  	  539.582  	  9866  	  18.3893  	  203.093  	  306.347  	  11.6916  	  970.799
545.979  	  213.222  	  4161  	  7.9819  	  42.0147  	  29.4382  	  0.034624  	  31.9226  	  29.1457  	  40.5165  	  18.688  	  1766  	  8.47916  	  4.9525  	  521.2  	  9866  	  18.8308  	  202.379  	  288.21  	  11.72  	  957.991
buffer capacity = 2MB, each block's #vertices =  134217728 , logsize =  4 , segsize =  16 , from echo
601.488  	  318.232  	  4500  	  8.47144  	  54.5176  	  53.8289  	  0.041983  	  51.5994  	  55.7943  	  44.9101  	  16.0149  	  888  	  24.4295  	  8.56626  	  576.79  	  9866  	  7.57018  	  185.753  	  375.06  	  8.34864  	  1009.75
586.739  	  316.586  	  4500  	  8.40483  	  54.1558  	  53.4943  	  0.041583  	  51.3906  	  55.4594  	  44.6301  	  15.985  	  888  	  24.4132  	  8.55476  	  562.23  	  9866  	  7.50628  	  185.087  	  361.338  	  8.24018  	  992.491
589.414  	  317.173  	  4500  	  8.41934  	  54.3001  	  53.3669  	  0.041644  	  51.6638  	  55.5413  	  44.7713  	  16.1152  	  888  	  24.3247  	  8.57159  	  564.872  	  9866  	  7.48404  	  185.088  	  363.985  	  8.25739  	  995.419
buffer capacity = 2MB, each block's #vertices =  134217728 , logsize =  4 , segsize =  32 , from echo
735.936  	  502.052  	  4694  	  8.57568  	  72.4457  	  97.9492  	  0.057013  	  83.9334  	  107.461  	  47.6937  	  14.2263  	  453  	  53.5462  	  16.0952  	  711.32  	  9866  	  2.76979  	  169.855  	  531.177  	  7.46109  	  1140.53
735.69  	  501.442  	  4694  	  8.59718  	  72.3498  	  98.1374  	  0.055913  	  83.6578  	  107.354  	  47.7993  	  14.0633  	  453  	  53.3604  	  15.9997  	  711.037  	  9866  	  2.78289  	  169.119  	  531.605  	  7.47464  	  1140.89
737.656  	  504.656  	  4694  	  8.59532  	  72.7989  	  98.4592  	  0.056425  	  84.5436  	  107.929  	  47.7395  	  14.3257  	  453  	  53.9705  	  16.167  	  713.051  	  9866  	  2.76924  	  169.08  	  533.667  	  7.47735  	  1143.79
buffer capacity = 2MB, each block's #vertices =  134217728 , logsize =  4 , segsize =  64 , from echo
1057.19  	  852.418  	  4777  	  8.07834  	  100.726  	  197.537  	  0.072585  	  136.414  	  208.949  	  49.4877  	  13.0358  	  233  	  100.287  	  37.7567  	  1032.59  	  9866  	  1.38489  	  154.598  	  872.934  	  3.61813  	  1463.23
1057.47  	  851.828  	  4777  	  8.05452  	  100.403  	  197.101  	  0.072339  	  136.114  	  208.809  	  49.5267  	  12.5655  	  233  	  101.372  	  37.7352  	  1032.85  	  9866  	  1.39792  	  154.809  	  872.961  	  3.62934  	  1491.46
1060.85  	  855.382  	  4777  	  8.08226  	  102.024  	  197.655  	  0.072542  	  136.29  	  209.202  	  50.8358  	  12.5404  	  233  	  100.961  	  37.6437  	  1036.19  	  9866  	  1.39062  	  155.214  	  875.916  	  3.60938  	  1465.23
buffer capacity = 2MB, each block's #vertices =  134217728 , logsize =  4 , segsize =  128 , from echo
1637.43  	  1449.61  	  4806  	  8.34457  	  145.385  	  366.32  	  0.077974  	  219.79  	  389.237  	  51.0194  	  10.8024  	  107  	  191.136  	  67.4235  	  1612.74  	  9866  	  1.30512  	  142.361  	  1464.84  	  4.17981  	  2042.05
1634.56  	  1446.48  	  4806  	  8.30586  	  145.203  	  365.226  	  0.075612  	  219.914  	  388.515  	  50.9933  	  10.649  	  107  	  190.167  	  67.3529  	  1609.86  	  9866  	  1.29939  	  142.728  	  1461.58  	  4.20194  	  2040.48
1629.47  	  1441.17  	  4806  	  8.29316  	  144.655  	  363.939  	  0.077217  	  218.981  	  386.95  	  50.9735  	  10.6788  	  107  	  189.384  	  67.1619  	  1604.74  	  9866  	  1.29029  	  142.566  	  1456.62  	  4.20652  	  2033.12

##################################
3. Two-level blocking
buffer capacity = 2MB, each block's #vertices =  32768 , logsize =  4 , segsize =  8 , from echo
302.434  	  82.746  	  3791  	  6.68507  	  23.5372  	  4.76404  	  0.026056  	  0.907869  	  5.41172  	  35.6812  	  1.64042  	  617  	  3.4615  	  0.587816  	  277.537  	  9866  	  8.10048  	  50.0234  	  212.332  	  7.02434  	  707.637
328.55  	  83.1024  	  3791  	  6.74468  	  23.7362  	  4.75653  	  0.024963  	  0.913703  	  5.41636  	  35.7486  	  1.60376  	  617  	  3.51916  	  0.595882  	  303.598  	  9866  	  8.12707  	  50.0593  	  238.186  	  7.16727  	  749.629
323.994  	  82.9326  	  3791  	  6.71069  	  23.5996  	  4.75256  	  0.025164  	  0.908392  	  5.40559  	  35.7796  	  1.62248  	  617  	  3.4905  	  0.594935  	  299.067  	  9866  	  8.0925  	  49.9999  	  233.788  	  7.12742  	  732.589
buffer capacity = 2MB, each block's #vertices =  32768 , logsize =  4 , segsize =  16 , from echo
293.004  	  78.9175  	  3981  	  4.20634  	  24.8133  	  3.25149  	  0.016613  	  0.774146  	  3.28541  	  36.5858  	  5.62081  	  0.321021  	  268.007  	  9866  	  3.77612  	  45.0778  	  214.79  	  4.3085  	  700.348
304.3  	  78.9969  	  3981  	  4.19629  	  24.8137  	  3.25324  	  0.015422  	  0.771173  	  3.27848  	  36.4952  	  5.81207  	  0.316104  	  279.298  	  9866  	  3.67306  	  45.0439  	  226.213  	  4.31018  	  710.59
283.269  	  78.8327  	  3981  	  4.20101  	  24.8155  	  3.25533  	  0.016773  	  0.774407  	  3.27979  	  36.5154  	  5.61138  	  0.319661  	  258.353  	  9866  	  3.68758  	  45.0658  	  205.278  	  4.2664  	  688.092
buffer capacity = 2MB, each block's #vertices =  32768 , logsize =  4 , segsize =  32 , from echo
285.065  	  78.5831  	  3981  	  4.19274  	  24.7577  	  3.25436  	  0.015767  	  0.763768  	  3.29437  	  36.3582  	  5.58185  	  0.320493  	  260.169  	  9866  	  3.68757  	  44.9155  	  207.193  	  4.31706  	  693.779
280.866  	  78.4576  	  3981  	  4.18922  	  24.7304  	  3.24334  	  0.015227  	  0.765  	  3.26098  	  36.3262  	  5.57278  	  0.31134  	  255.94  	  9866  	  3.6913  	  44.9319  	  202.996  	  4.26534  	  696.378
284.402  	  80.1771  	  3981  	  4.17472  	  25.7154  	  3.27814  	  0.015061  	  0.773732  	  3.26699  	  37.0207  	  5.57579  	  0.313316  	  259.505  	  9866  	  3.66984  	  45.073  	  206.372  	  4.3352  	  691.553
buffer capacity = 2MB, each block's #vertices =  32768 , logsize =  4 , segsize =  64 , from echo
280.947  	  78.5417  	  3981  	  4.18574  	  24.723  	  3.2367  	  0.015197  	  0.770012  	  3.26859  	  36.3929  	  5.58992  	  0.316797  	  256.054  	  9866  	  3.68115  	  44.8654  	  203.215  	  4.2375  	  686.576
300.597  	  82.5632  	  3981  	  4.3131  	  25.9039  	  3.38262  	  0.016179  	  0.796116  	  3.46564  	  38.2275  	  6.08189  	  0.327356  	  274.863  	  9866  	  4.03898  	  47.2829  	  218.799  	  4.6787  	  731.108
363.085  	  97.9268  	  3981  	  4.82959  	  30.9768  	  3.81008  	  0.021335  	  0.935285  	  3.95692  	  45.2688  	  7.65582  	  0.402023  	  333.669  	  9866  	  5.51661  	  56.3103  	  265.503  	  6.24419  	  880.703
buffer capacity = 2MB, each block's #vertices =  32768 , logsize =  4 , segsize =  128 , from echo
