288.766  	  128.302  	  518  	  10.4688  	  28.7863  	  13.457  	  0.00846  	  3.29208  	  14.9028  	  43.2951  	  5.30162  	  201  	  5.1965  	  3.58271  	  263.451  	  9866  	  3.32606  	  109.266  	  148.46  	  2.34343  	  698.757
269.779  	  120.075  	  518  	  9.28256  	  26.833  	  12.5347  	  0.007635  	  3.17839  	  14.1413  	  40.7408  	  5.07539  	  201  	  4.92292  	  3.34898  	  245.731  	  9866  	  2.89404  	  98.0709  	  142.618  	  2.10072  	  665.204
416.63  	  330.656  	  599  	  10.5753  	  34.0185  	  83.1374  	  0.00995  	  8.38197  	  83.5213  	  47.1045  	  48.1729  	  15.7224  	  392.568  	  9866  	  0.832776  	  49.0969  	  341.489  	  1.10263  	  810.902




2020.12.1 
app = dynamictest, dataset = Friendster, SSD-RAID0
Turn on Page Cache, clear pagecache each time
addEdges	compaction	#compaction	1_loadLog	2_computeDegree	3_loadSubGraph	4_mallocNewCSR	5_compBeg	6_copyCSR	7_mergeLog2CSR	8_splitSubGraph	#splitSubGraph	8_writeSubGraph	9_free	flush	#flush	1_malloc	2_log_classification	3_write_logs	4_free	runtime
1. uniform #vertices in each block
buffer capacity = 2MB, each block's #vertices =  65536 , logsize =  32 , segsize =  65536 , from echo
218.146  	  57.2217  	  314  	  5.9787  	  16.8543  	  0.028284  	  0.000366  	  0.180403  	  0.067178  	  31.2628  	  2.34288  	  0.50118  	  192.44  	  9866  	  5.75763  	  48.6538  	  134.187  	  3.7807  	  646.447
240.158  	  59.5397  	  314  	  6.20313  	  17.6146  	  0.028585  	  0.000412  	  0.18704  	  0.069812  	  32.4476  	  2.47416  	  0.508313  	  212.203  	  9866  	  6.91373  	  53.4528  	  146.94  	  4.81887  	  707.273
247.832  	  59.681  	  314  	  6.21461  	  17.5457  	  0.028895  	  0.00041  	  0.188799  	  0.070616  	  32.6279  	  2.48361  	  0.514443  	  219.755  	  9866  	  6.90864  	  59.5812  	  148.327  	  4.85716  	  728.412
buffer capacity = 2MB, each block's #vertices =  131072 , logsize =  32 , segsize =  65536 , from echo
207.532  	  83.2896  	  427  	  7.99778  	  22.9722  	  0.716456  	  0.00351  	  0.392848  	  2.12234  	  44.3699  	  3.78049  	  0.925814  	  180.589  	  9866  	  1.21343  	  48.1724  	  129.997  	  1.14232  	  650.343
209.623  	  84.3204  	  427  	  8.13168  	  23.3339  	  0.705157  	  0.00354  	  0.393884  	  2.14103  	  44.8172  	  3.84815  	  0.937497  	  182.223  	  9866  	  1.25557  	  49.1354  	  130.583  	  1.18142  	  669.505
210.089  	  84.0326  	  427  	  8.09723  	  23.2729  	  0.705535  	  0.003484  	  0.39437  	  2.13595  	  44.6733  	  3.81  	  0.931167  	  182.741  	  9866  	  1.27125  	  49.1911  	  131.02  	  1.19149  	  656.696
buffer capacity = 2MB, each block's #vertices =  262144 , logsize =  32 , segsize =  65536 , from echo
246.197  	  117.491  	  501  	  9.48228  	  28.0114  	  7.04406  	  0.007807  	  1.18691  	  8.01093  	  54.7059  	  7.07196  	  1.95877  	  218.862  	  9866  	  7.17788  	  56.9009  	  150.28  	  4.43133  	  697.955
243.713  	  117.084  	  501  	  9.38079  	  28.1661  	  6.95584  	  0.007354  	  1.18307  	  7.90932  	  54.5359  	  7.01396  	  1.92122  	  216.478  	  9866  	  7.16785  	  56.303  	  148.301  	  4.63478  	  695.598
244.115  	  117.367  	  501  	  9.44995  	  28.1417  	  6.98063  	  0.007468  	  1.18417  	  8.02463  	  54.6648  	  6.996  	  1.90731  	  216.767  	  9866  	  7.23119  	  57.4374  	  147.602  	  4.42306  	  692.78
buffer capacity = 2MB, each block's #vertices =  524288 , logsize =  32 , segsize =  65536 , from echo
269.448  	  159.55  	  554  	  10.2517  	  31.3564  	  18.1463  	  0.008987  	  2.3803  	  19.9087  	  60.2654  	  13.5874  	  3.63198  	  242.497  	  9866  	  3.5755  	  56.272  	  179.746  	  2.83518  	  716.481
269.448  	  160.246  	  554  	  10.3248  	  31.6201  	  18.2082  	  0.009461  	  2.38149  	  19.9492  	  60.4733  	  13.622  	  3.64458  	  242.388  	  9866  	  3.59215  	  56.5905  	  179.267  	  2.87032  	  717.5
267.76  	  159.385  	  554  	  10.271  	  31.3294  	  18.1629  	  0.009175  	  2.35288  	  19.8801  	  60.2009  	  13.5532  	  3.61299  	  240.851  	  9866  	  3.63845  	  56.0711  	  178.236  	  2.83859  	  711.908
buffer capacity = 2MB, each block's #vertices =  1048576 , logsize =  32 , segsize =  65536 , from echo
332.246  	  231.754  	  583  	  10.7723  	  34.8519  	  40.8193  	  0.010251  	  4.70773  	  43.399  	  64.2514  	  25.9393  	  6.98914  	  305.386  	  9866  	  1.83904  	  54.789  	  246.54  	  2.15236  	  788.975
332.088  	  231.931  	  583  	  10.6755  	  34.9405  	  40.759  	  0.010321  	  4.69997  	  43.29  	  64.5149  	  26.0457  	  6.98091  	  305.306  	  9866  	  1.83506  	  54.9374  	  246.343  	  2.1261  	  778.995
333.254  	  231.991  	  583  	  10.6875  	  35.0414  	  40.8644  	  0.010388  	  4.72732  	  43.5762  	  64.1353  	  25.9348  	  6.99982  	  306.531  	  9866  	  1.84061  	  55.6607  	  246.831  	  2.13154  	  779.385
buffer capacity = 2MB, each block's #vertices =  2097152 , logsize =  32 , segsize =  65536 , from echo
460.278  	  363.765  	  599  	  10.8795  	  38.6449  	  85.6789  	  0.010891  	  9.24874  	  89.4254  	  66.4829  	  49.2991  	  14.0799  	  433.585  	  9866  	  0.951853  	  55.6805  	  375.616  	  1.27451  	  906.945
427.87  	  340.362  	  599  	  10.2761  	  35.187  	  80.3698  	  0.010102  	  8.57292  	  83.1857  	  61.9206  	  47.7642  	  13.063  	  402.981  	  9866  	  0.857882  	  49.8907  	  351.064  	  1.11779  	  836.202
420.267  	  335.563  	  599  	  10.0766  	  33.9729  	  79.5088  	  0.009697  	  8.32683  	  82.4739  	  60.2356  	  48.1543  	  12.7921  	  396.21  	  9866  	  0.822876  	  48.0062  	  346.285  	  1.05188  	  813.327
buffer capacity = 2MB, each block's #vertices =  4194304 , logsize =  32 , segsize =  65536 , from echo
662.538  	  578.899  	  607  	  10.2239  	  39.6492  	  163.643  	  0.00911  	  16.6589  	  167.268  	  61.7673  	  94.641  	  25.0259  	  638.363  	  9866  	  0.448855  	  48.0789  	  588.932  	  0.859553  	  1055.3
661.171  	  578.186  	  607  	  10.18  	  40.1249  	  164.315  	  0.009217  	  16.7729  	  167.398  	  62.1912  	  92.2651  	  24.9173  	  637.087  	  9866  	  0.455504  	  47.607  	  588.129  	  0.851253  	  1054.82
665.235  	  582.663  	  607  	  10.2573  	  39.5591  	  164.896  	  0.009482  	  16.8443  	  168.385  	  61.7986  	  95.8129  	  25.0875  	  641.121  	  9866  	  0.45776  	  47.6398  	  592.126  	  0.853472  	  1057.99

#######################################################################################
2020.12.1 
app = dynamictest, dataset = Friendster, SSD-RAID0
Turn on Page Cache, clear pagecache each time
addEdges	compaction	#compaction	1_loadLog	2_computeDegree	3_loadSubGraph	4_mallocNewCSR	5_compBeg	6_copyCSR	7_mergeLog2CSR	8_splitSubGraph	#splitSubGraph	8_writeSubGraph	9_free	flush	#flush	1_malloc	2_log_classification	3_write_logs	4_free	runtime
2. uniform #edges in each block
buffer capacity = 2MB, each block's #vertices =  134217728 , logsize =  32 , segsize =  32 , from echo
374.123  	  132.663  	  453  	  8.2401  	  31.5307  	  10.5186  	  0.006859  	  11.8331  	  12.6699  	  39.9166  	  14.7165  	  452  	  0.211155  	  3.01014  	  347.421  	  9866  	  3.20427  	  180.856  	  161.009  	  2.28788  	  815.301
375.562  	  132.784  	  453  	  8.21686  	  31.5195  	  10.6077  	  0.00684  	  11.8732  	  12.6353  	  39.9191  	  14.7647  	  452  	  0.218354  	  3.01317  	  348.872  	  9866  	  3.16982  	  180.718  	  162.64  	  2.28093  	  815.555
374.835  	  132.754  	  453  	  8.26999  	  31.5662  	  10.5761  	  0.006811  	  11.9239  	  12.6599  	  39.7888  	  14.7258  	  452  	  0.218306  	  3.00875  	  348.118  	  9866  	  3.18486  	  181.021  	  161.558  	  2.28945  	  814.905
buffer capacity = 2MB, each block's #vertices =  134217728 , logsize =  32 , segsize =  64 , from echo
401.735  	  188.109  	  515  	  9.26206  	  39.1086  	  22.9645  	  0.008312  	  19.3608  	  25.6852  	  45.4944  	  13.259  	  235  	  7.47111  	  5.48405  	  375.167  	  9866  	  1.49737  	  164.735  	  207.481  	  1.39206  	  840.419
394.41  	  184.966  	  515  	  9.12325  	  38.3315  	  22.6776  	  0.008126  	  19.2456  	  25.2792  	  44.6079  	  13.0486  	  235  	  7.20994  	  5.42332  	  368.453  	  9866  	  1.47798  	  160.539  	  205.022  	  1.35641  	  824.078
387.876  	  186.736  	  515  	  8.95466  	  40.159  	  22.1882  	  0.007601  	  18.5336  	  24.5142  	  47.1127  	  12.839  	  235  	  7.15927  	  5.25725  	  362.793  	  9866  	  1.3977  	  154.991  	  205.088  	  1.26522  	  802.751
buffer capacity = 2MB, each block's #vertices =  134217728 , logsize =  32 , segsize =  128 , from echo
480.323  	  280.114  	  566  	  10.378  	  49.4703  	  45.4649  	  0.010357  	  31.5305  	  50.5078  	  51.2672  	  11.3229  	  107  	  20.6005  	  9.54752  	  453.496  	  9866  	  1.42775  	  154.022  	  296.255  	  1.72023  	  927.935
476.474  	  279.675  	  566  	  10.241  	  49.206  	  45.4137  	  0.009939  	  32.0813  	  50.4238  	  50.9635  	  11.3409  	  107  	  20.3507  	  9.63113  	  449.912  	  9866  	  1.37755  	  151.868  	  294.945  	  1.65388  	  921.066
468.438  	  277.989  	  566  	  10.1677  	  48.5921  	  45.4944  	  0.009798  	  32.4186  	  50.0921  	  49.7541  	  11.2762  	  107  	  20.453  	  9.71911  	  442.511  	  9866  	  1.3111  	  147.202  	  292.448  	  1.48808  	  901.822
buffer capacity = 2MB, each block's #vertices =  134217728 , logsize =  32 , segsize =  256 , from echo
551.742  	  392.364  	  585  	  9.85501  	  54.6433  	  80.9557  	  0.009061  	  45.69  	  88.3686  	  47.9561  	  9.03099  	  53  	  40.3716  	  15.4719  	  527.584  	  9866  	  0.490711  	  122.808  	  403.357  	  0.883129  	  947.21
551.749  	  392.473  	  585  	  9.8525  	  54.5826  	  81.0386  	  0.009203  	  45.6987  	  88.3338  	  47.8343  	  9.02302  	  53  	  40.6036  	  15.4852  	  527.693  	  9866  	  0.490166  	  122.517  	  403.758  	  0.882912  	  947.524
551.871  	  393.378  	  585  	  9.84008  	  54.5025  	  81.2145  	  0.009145  	  45.7157  	  88.4761  	  47.9514  	  9.05758  	  53  	  41.1887  	  15.4106  	  527.872  	  9866  	  0.492813  	  122.085  	  404.373  	  0.876581  	  946.43
3. Two-level blocking
buffer capacity = 2MB, each block's #vertices =  65536 , logsize =  32 , segsize =  32 , from echo
192.048  	  45.0536  	  314  	  5.49583  	  15.2102  	  0.025165  	  0.000371  	  0.164086  	  0.062657  	  21.5799  	  2.06826  	  0.44222  	  167.656  	  9866  	  5.57147  	  45.0208  	  113.486  	  3.52924  	  587.361
193.026  	  45.3211  	  314  	  5.52246  	  15.2522  	  0.025306  	  0.000338  	  0.16495  	  0.06292  	  21.761  	  2.08665  	  0.440559  	  168.676  	  9866  	  5.55581  	  45.2366  	  114.376  	  3.46203  	  590.412
191.666  	  45.1769  	  314  	  5.5304  	  15.228  	  0.025375  	  0.000316  	  0.165076  	  0.063585  	  21.6433  	  2.07523  	  0.441018  	  167.296  	  9866  	  5.59674  	  44.9356  	  113.247  	  3.4707  	  586.964
buffer capacity = 2MB, each block's #vertices =  65536 , logsize =  32 , segsize =  64 , from echo
191.491  	  45.3615  	  314  	  5.5408  	  15.2363  	  0.025575  	  0.000323  	  0.164495  	  0.062518  	  21.8054  	  2.082  	  0.439385  	  167.119  	  9866  	  5.59124  	  44.981  	  113.038  	  3.4618  	  586.536
193.518  	  45.3601  	  314  	  5.58535  	  15.2614  	  0.025207  	  0.00031  	  0.163982  	  0.062659  	  21.7292  	  2.08598  	  0.441273  	  169.14  	  9866  	  5.52779  	  45.2669  	  114.892  	  3.40538  	  588.888
193.983  	  44.9631  	  314  	  5.5052  	  15.1464  	  0.02601  	  0.000344  	  0.16313  	  0.062477  	  21.5341  	  2.08218  	  0.438624  	  169.64  	  9866  	  5.56197  	  44.9792  	  115.583  	  3.46979  	  589.183
buffer capacity = 2MB, each block's #vertices =  65536 , logsize =  32 , segsize =  128 , from echo
192.995  	  45.2558  	  314  	  5.53722  	  15.2706  	  0.025221  	  0.000348  	  0.164202  	  0.062979  	  21.6739  	  2.07464  	  0.441967  	  168.579  	  9866  	  5.64617  	  45.0286  	  114.374  	  3.48237  	  587.516
190.753  	  45.452  	  314  	  5.59388  	  15.2655  	  0.02562  	  0.00034  	  0.165487  	  0.063344  	  21.8075  	  2.0825  	  0.443167  	  166.331  	  9866  	  5.54611  	  45.2081  	  112.059  	  3.4707  	  588.135
190.573  	  45.2409  	  314  	  5.55075  	  15.2478  	  0.025167  	  0.000357  	  0.164059  	  0.063421  	  21.672  	  2.07362  	  0.439064  	  166.189  	  9866  	  5.57295  	  45.0287  	  111.909  	  3.63262  	  586.212
buffer capacity = 2MB, each block's #vertices =  65536 , logsize =  32 , segsize =  256 , from echo
190.976  	  45.3926  	  314  	  5.58884  	  15.2786  	  0.025763  	  0.000313  	  0.165329  	  0.062562  	  21.7536  	  2.07465  	  0.438342  	  166.573  	  9866  	  5.63969  	  44.9696  	  112.448  	  3.46967  	  586.196
190.62  	  45.5296  	  314  	  5.57841  	  15.3533  	  0.026028  	  0.000387  	  0.166136  	  0.062971  	  21.8138  	  2.08213  	  0.441804  	  166.197  	  9866  	  5.56248  	  45.2993  	  111.801  	  3.48782  	  766.094
192.009  	  45.1717  	  314  	  5.54307  	  15.1946  	  0.025422  	  0.00032  	  0.162953  	  0.062499  	  21.6662  	  2.07163  	  0.440573  	  167.683  	  9866  	  5.53432  	  44.9582  	  113.689  	  3.4557  	  587.082
buffer capacity = 2MB, each block's #vertices =  131072 , logsize =  32 , segsize =  32 , from echo
184.92  	  67.5385  	  425  	  7.35343  	  20.7048  	  1.33043  	  0.004743  	  0.466265  	  1.89201  	  31.3847  	  1.89766  	  168  	  1.66582  	  0.831735  	  160.701  	  9866  	  2.09848  	  48.4679  	  108.505  	  1.58392  	  581.559
184.358  	  67.4554  	  425  	  7.35439  	  20.6625  	  1.31988  	  0.005062  	  0.466988  	  1.88873  	  31.3432  	  1.89218  	  168  	  1.67898  	  0.836793  	  160.151  	  9866  	  2.10168  	  48.323  	  108.099  	  1.58143  	  578.788
184.427  	  67.6199  	  425  	  7.37855  	  20.7223  	  1.33404  	  0.00475  	  0.469481  	  1.88604  	  31.4137  	  1.89021  	  168  	  1.67712  	  0.836731  	  160.134  	  9866  	  2.08712  	  48.3147  	  108.092  	  1.59292  	  579.371
buffer capacity = 2MB, each block's #vertices =  131072 , logsize =  32 , segsize =  64 , from echo
195.213  	  73.2885  	  427  	  7.92814  	  23.2694  	  0.704685  	  0.003579  	  0.398544  	  2.15185  	  34.1489  	  3.74525  	  0.929687  	  168.855  	  9866  	  1.1674  	  47.0066  	  119.533  	  1.08703  	  630.872
202.336  	  74.6901  	  427  	  8.0728  	  23.7599  	  0.704455  	  0.003577  	  0.406579  	  2.15619  	  34.8275  	  3.81038  	  0.93991  	  174.98  	  9866  	  1.25474  	  48.961  	  123.52  	  1.17566  	  654.729
203.318  	  74.4444  	  427  	  8.03229  	  23.5947  	  0.708982  	  0.003509  	  0.400384  	  2.13962  	  34.625  	  3.99689  	  0.934716  	  176.089  	  9866  	  1.23272  	  48.5535  	  125.089  	  1.14895  	  654.688

addEdges	compaction	#compaction	1_loadLog	2_computeDegree	3_loadSubGraph	4_mallocNewCSR	5_compBeg	6_copyCSR	7_mergeLog2CSR	8_splitSubGraph	#splitSubGraph	8_writeSubGraph	9_free	flush	#flush	1_malloc	2_log_classification	3_write_logs	4_free	runtime
3. Two-level blocking
buffer capacity = 2MB, each block's #vertices =  262144 , logsize =  32 , segsize =  32 , from echo
256.446  	  86.8014  	  450  	  8.4387  	  25.7931  	  2.91609  	  0.005854  	  0.914128  	  3.91856  	  38.838  	  3.66791  	  294  	  1.16624  	  1.13319  	  229.149  	  9866  	  10.2561  	  84.0227  	  128.631  	  6.16163  	  710.602
253.107  	  86.5695  	  450  	  8.41138  	  25.6349  	  2.8985  	  0.005954  	  0.914291  	  3.8854  	  38.8237  	  3.69434  	  294  	  1.16109  	  1.13033  	  225.853  	  9866  	  10.3169  	  84.2283  	  125.279  	  5.95063  	  706.659
223.213  	  77.4008  	  450  	  7.73379  	  22.6537  	  2.67004  	  0.004877  	  0.827319  	  3.54018  	  34.4958  	  3.38477  	  294  	  1.05905  	  1.02341  	  198.626  	  9866  	  8.82707  	  73.9136  	  111.176  	  4.6558  	  625.793
buffer capacity = 2MB, each block's #vertices =  262144 , logsize =  32 , segsize =  64 , from echo
202.1  	  87.0584  	  469  	  8.05482  	  23.4394  	  5.288  	  0.005673  	  0.992109  	  6.14306  	  35.7005  	  1.95448  	  85  	  3.97001  	  1.50247  	  177.879  	  9866  	  6.69363  	  54.7655  	  112.57  	  3.80161  	  598.741
202.54  	  87.0319  	  469  	  8.03249  	  23.5178  	  5.26329  	  0.005367  	  0.996728  	  6.16287  	  35.6611  	  1.92916  	  85  	  3.96286  	  1.49211  	  178.387  	  9866  	  6.66722  	  54.58  	  113.252  	  3.84034  	  598.115
202.467  	  86.9097  	  469  	  8.04256  	  23.5131  	  5.24618  	  0.005412  	  0.988167  	  6.09639  	  35.6216  	  1.94601  	  85  	  3.96256  	  1.47984  	  178.261  	  9866  	  6.62581  	  54.6551  	  113.024  	  3.90799  	  598.522
buffer capacity = 2MB, each block's #vertices =  262144 , logsize =  32 , segsize =  128 , from echo
201.657  	  94.4572  	  501  	  8.5913  	  25.0022  	  6.37834  	  0.006097  	  1.05234  	  7.24778  	  38.0046  	  6.46017  	  1.70594  	  177.407  	  9866  	  6.20099  	  49.061  	  118.63  	  3.46689  	  596.712
201.486  	  94.4166  	  501  	  8.57553  	  24.9997  	  6.37139  	  0.006376  	  1.05287  	  7.2593  	  37.9987  	  6.44736  	  1.69648  	  177.329  	  9866  	  6.64882  	  48.7201  	  118.192  	  3.71844  	  595.685
203.205  	  95.7891  	  501  	  8.52739  	  25.7326  	  6.30734  	  0.005927  	  1.04455  	  7.21035  	  38.8232  	  6.42752  	  1.70181  	  179.071  	  9866  	  6.18644  	  48.802  	  120.584  	  3.45264  	  598.953
buffer capacity = 2MB, each block's #vertices =  262144 , logsize =  32 , segsize =  256 , from echo
200.624  	  93.8722  	  501  	  8.57973  	  24.8122  	  6.3465  	  0.00606  	  1.04603  	  7.2696  	  37.6658  	  6.44428  	  1.69323  	  176.565  	  9866  	  6.11408  	  48.7231  	  118.201  	  3.47874  	  595.206
201.197  	  94.2517  	  501  	  8.57502  	  24.8757  	  6.36054  	  0.00599  	  1.04769  	  7.25662  	  37.97  	  6.44895  	  1.70249  	  177.002  	  9866  	  6.16147  	  49.0394  	  118.174  	  3.58006  	  597.664
201.169  	  94.6341  	  501  	  8.58834  	  25.1027  	  6.37311  	  0.006218  	  1.05614  	  7.28001  	  38.0732  	  6.44421  	  1.70184  	  177.019  	  9866  	  6.11367  	  48.7869  	  118.57  	  3.50195  	  596.228
buffer capacity = 2MB, each block's #vertices =  524288 , logsize =  32 , segsize =  32 , from echo
233.201  	  82.7523  	  469  	  7.9671  	  23.4591  	  3.48807  	  0.005619  	  1.18008  	  4.77631  	  35.6266  	  4.35423  	  374  	  0.734378  	  1.15286  	  209.12  	  9866  	  6.69556  	  87.4171  	  111.201  	  3.75782  	  628.787
239.35  	  83.4976  	  469  	  8.02663  	  23.7047  	  3.4626  	  0.005437  	  1.18789  	  4.82477  	  35.9936  	  4.38461  	  374  	  0.739988  	  1.15964  	  215.183  	  9866  	  6.70292  	  87.4651  	  117.189  	  3.77675  	  636.107
237.864  	  83.0945  	  469  	  8.02264  	  23.5578  	  3.48909  	  0.005527  	  1.18514  	  4.79466  	  35.7285  	  4.40577  	  374  	  0.735887  	  1.16142  	  213.699  	  9866  	  6.69233  	  87.518  	  115.663  	  3.77625  	  634.485
buffer capacity = 2MB, each block's #vertices =  524288 , logsize =  32 , segsize =  64 , from echo
223.973  	  99.0918  	  490  	  8.29663  	  24.8316  	  7.88894  	  0.006799  	  1.58072  	  9.35812  	  37.5042  	  3.43597  	  149  	  4.21576  	  1.96439  	  199.879  	  9866  	  4.37505  	  72.0405  	  120.697  	  2.71917  	  620.747
226.586  	  99.1356  	  490  	  8.31643  	  24.8417  	  7.92357  	  0.006369  	  1.71058  	  9.32001  	  37.3794  	  3.4697  	  149  	  4.19972  	  1.95398  	  202.436  	  9866  	  4.37995  	  72.3012  	  122.928  	  2.77941  	  625.095
229.306  	  101.704  	  490  	  8.50284  	  25.5751  	  8.06251  	  0.006525  	  1.62468  	  9.57793  	  38.5344  	  3.51231  	  149  	  4.27735  	  2.02152  	  204.682  	  9866  	  4.50016  	  74.125  	  123.166  	  2.84138  	  635.206
buffer capacity = 2MB, each block's #vertices =  524288 , logsize =  32 , segsize =  128 , from echo
234.582  	  128.195  	  536  	  9.38509  	  28.5189  	  14.6509  	  0.007539  	  2.08166  	  16.2471  	  42.5704  	  2.05797  	  44  	  9.68826  	  2.97721  	  209.379  	  9866  	  3.52031  	  57.0828  	  146.185  	  2.54131  	  665.059
232.056  	  127.26  	  536  	  9.3415  	  28.319  	  14.5719  	  0.007297  	  2.07367  	  16.1791  	  42.1258  	  2.039  	  44  	  9.63183  	  2.96146  	  207.196  	  9866  	  3.45367  	  55.9998  	  145.21  	  2.48458  	  643.6
232.532  	  127.221  	  536  	  9.32994  	  28.2288  	  14.6802  	  0.007238  	  2.07164  	  16.2099  	  42.0183  	  2.06189  	  44  	  9.65322  	  2.94995  	  207.583  	  9866  	  3.49224  	  56.4239  	  145.099  	  2.52133  	  643.163
buffer capacity = 2MB, each block's #vertices =  524288 , logsize =  32 , segsize =  256 , from echo
234.684  	  136.922  	  554  	  9.6366  	  29.1742  	  17.1981  	  0.007651  	  2.19029  	  18.7728  	  43.5632  	  12.9643  	  3.40438  	  209.78  	  9866  	  3.21185  	  50.3298  	  153.728  	  2.46294  	  644.31
235.015  	  137.21  	  554  	  9.68279  	  29.3318  	  17.2088  	  0.008279  	  2.19818  	  18.7336  	  43.5836  	  13.0526  	  3.4005  	  210.103  	  9866  	  3.2999  	  50.1254  	  154.21  	  2.4197  	  654.129
235.477  	  137.733  	  554  	  9.64961  	  29.4933  	  17.3136  	  0.007915  	  2.20402  	  18.8466  	  43.7992  	  13.002  	  3.40617  	  210.542  	  9866  	  3.21062  	  50.2224  	  154.632  	  2.4297  	  645.381
buffer capacity = 2MB, each block's #vertices =  1048576 , logsize =  32 , segsize =  32 , from echo
253.596  	  88.6869  	  468  	  8.146  	  24.56  	  4.08357  	  0.005881  	  1.65461  	  5.89494  	  37.2352  	  5.14011  	  413  	  0.528601  	  1.42973  	  228.779  	  9866  	  5.91489  	  103.206  	  116.214  	  3.3913  	  663.198
254.992  	  89.0749  	  468  	  8.14918  	  24.6264  	  4.08054  	  0.006009  	  1.6691  	  5.92813  	  37.481  	  5.15345  	  413  	  0.531078  	  1.44128  	  230.072  	  9866  	  5.94939  	  103.379  	  117.244  	  3.44518  	  664.238
253.991  	  89.1306  	  468  	  8.14248  	  24.7119  	  4.08319  	  0.00589  	  1.66842  	  5.90896  	  37.4935  	  5.13542  	  413  	  0.538568  	  1.4338  	  229.086  	  9866  	  5.9312  	  103.385  	  116.321  	  3.39592  	  663.287
buffer capacity = 2MB, each block's #vertices =  1048576 , logsize =  32 , segsize =  64 , from echo
253.12  	  112.993  	  509  	  8.81449  	  27.2494  	  10.09  	  0.007297  	  2.37601  	  12.2  	  40.6104  	  4.55747  	  188  	  4.57173  	  2.50698  	  228.262  	  9866  	  3.54194  	  89.8581  	  132.522  	  2.2891  	  662.807
252.995  	  113.07  	  509  	  8.85344  	  27.2653  	  10.0927  	  0.007174  	  2.39074  	  12.1964  	  40.6001  	  4.56689  	  188  	  4.57757  	  2.50975  	  228.168  	  9866  	  3.47821  	  89.7234  	  132.634  	  2.28299  	  662.562
256.308  	  113.034  	  509  	  8.84056  	  27.2249  	  10.0783  	  0.007488  	  2.3735  	  12.1919  	  40.673  	  4.56057  	  188  	  4.57783  	  2.49674  	  231.519  	  9866  	  3.45588  	  89.3524  	  136.374  	  2.28435  	  665.173
buffer capacity = 2MB, each block's #vertices =  1048576 , logsize =  32 , segsize =  128 , from echo
270.302  	  149.362  	  557  	  9.54513  	  30.0124  	  20.2441  	  0.008214  	  3.27308  	  22.721  	  44.2886  	  3.72744  	  76  	  11.4893  	  4.04206  	  245.524  	  9866  	  2.27721  	  73.8757  	  167.381  	  1.94029  	  678.63
269.274  	  149.989  	  557  	  9.62871  	  30.0961  	  20.5403  	  0.009041  	  3.31032  	  22.9054  	  44.3519  	  3.63003  	  76  	  11.4855  	  4.02073  	  244.466  	  9866  	  2.3082  	  74.1021  	  166.062  	  1.94485  	  678.306
268.452  	  149.697  	  557  	  9.61078  	  30.1418  	  20.4107  	  0.008136  	  3.2923  	  22.8814  	  44.3119  	  3.58972  	  76  	  11.3819  	  4.05801  	  243.722  	  9866  	  2.30002  	  74.0462  	  165.379  	  1.94652  	  678.795
buffer capacity = 2MB, each block's #vertices =  1048576 , logsize =  32 , segsize =  256 , from echo
284.502  	  186.418  	  569  	  9.80494  	  31.2023  	  33.0045  	  0.00895  	  4.08782  	  35.373  	  45.1751  	  2.04467  	  22  	  19.9922  	  5.71359  	  259.783  	  9866  	  1.95574  	  55.9879  	  199.943  	  1.84876  	  692.767
283.09  	  186.062  	  569  	  9.8023  	  31.2366  	  32.9202  	  0.008854  	  4.05871  	  35.3741  	  45.2047  	  2.01837  	  22  	  19.7038  	  5.72395  	  258.324  	  9866  	  1.79594  	  55.5296  	  199.104  	  1.84729  	  689.966
283.577  	  186.392  	  569  	  9.78736  	  31.2793  	  32.9054  	  0.008648  	  4.07467  	  35.5057  	  45.224  	  2.01037  	  22  	  19.9081  	  5.67784  	  258.863  	  9866  	  1.7686  	  55.4709  	  199.734  	  1.84385  	  690.94
buffer capacity = 2MB, each block's #vertices =  2097152 , logsize =  32 , segsize =  32 , from echo
265.102  	  88.5015  	  449  	  7.79641  	  24.1275  	  4.36267  	  0.005894  	  2.1299  	  6.48391  	  36.3611  	  5.43053  	  418  	  0.396793  	  1.39864  	  240.307  	  9866  	  5.41384  	  115.327  	  116.339  	  3.17439  	  672.806
261.48  	  88.0632  	  449  	  7.71379  	  24.0003  	  4.30409  	  0.005933  	  2.1173  	  6.43941  	  36.3057  	  5.37781  	  418  	  0.392567  	  1.39828  	  236.853  	  9866  	  5.39612  	  113.662  	  114.588  	  3.15453  	  666.373
260.699  	  87.6707  	  449  	  7.72547  	  23.6766  	  4.3021  	  0.005877  	  2.10528  	  6.43253  	  36.2074  	  5.40539  	  418  	  0.393562  	  1.40822  	  236.133  	  9866  	  5.38343  	  113.568  	  113.963  	  3.16601  	  664.254
buffer capacity = 2MB, each block's #vertices =  2097152 , logsize =  32 , segsize =  64 , from echo
268.831  	  119.582  	  518  	  8.94013  	  27.9904  	  11.3641  	  0.007564  	  3.22368  	  13.9628  	  41.4485  	  4.98579  	  201  	  4.93739  	  2.71223  	  244.237  	  9866  	  2.92886  	  101.57  	  137.612  	  2.07534  	  673.475
270.288  	  120.409  	  518  	  8.94444  	  28.06  	  11.4232  	  0.00763  	  3.22954  	  14.1389  	  41.8396  	  4.98328  	  201  	  5.0488  	  2.72433  	  245.626  	  9866  	  2.95018  	  101.763  	  138.768  	  2.09489  	  676.776
270.153  	  120.61  	  518  	  8.96802  	  28.6674  	  11.4042  	  0.007684  	  3.21108  	  14.0436  	  41.5752  	  5.02733  	  201  	  4.97193  	  2.72421  	  245.544  	  9866  	  2.93762  	  101.522  	  138.943  	  2.09057  	  675.34
buffer capacity = 2MB, each block's #vertices =  2097152 , logsize =  32 , segsize =  128 , from echo
293.887  	  163.872  	  558  	  9.58789  	  31.2657  	  23.9499  	  0.008489  	  4.67126  	  27.3134  	  45.0909  	  4.43013  	  92  	  12.8842  	  4.65913  	  269.382  	  9866  	  1.73058  	  88.1684  	  177.782  	  1.65293  	  697.98
293.469  	  163.128  	  558  	  9.58134  	  30.9488  	  23.9755  	  0.008671  	  4.65645  	  27.1746  	  44.7497  	  4.44409  	  92  	  12.8591  	  4.71903  	  268.901  	  9866  	  1.75775  	  88.1449  	  177.285  	  1.66327  	  697.338
295.036  	  164.299  	  558  	  9.59169  	  31.3827  	  24.0246  	  0.008754  	  4.69234  	  27.5704  	  45.2537  	  4.41292  	  92  	  12.6232  	  4.72796  	  270.444  	  9866  	  1.74064  	  88.7144  	  178.267  	  1.67312  	  701.379
buffer capacity = 2MB, each block's #vertices =  2097152 , logsize =  32 , segsize =  256 , from echo
338.026  	  223.459  	  580  	  9.89979  	  33.07  	  44.1995  	  0.009383  	  6.40447  	  47.7941  	  46.3832  	  3.48925  	  37  	  24.5382  	  7.65929  	  313.338  	  9866  	  1.16581  	  73.5505  	  237.158  	  1.41703  	  751.743
337.717  	  223.845  	  580  	  9.94605  	  32.9936  	  44.2467  	  0.00937  	  6.45272  	  47.9096  	  46.5127  	  3.48755  	  37  	  24.5439  	  7.73127  	  313.14  	  9866  	  1.16341  	  72.9509  	  237.56  	  1.41809  	  776.963
337.74  	  224.999  	  580  	  9.97345  	  33.0948  	  44.3064  	  0.009242  	  6.41285  	  48.095  	  46.7999  	  3.48106  	  37  	  25.1669  	  7.64775  	  313.214  	  9866  	  1.16793  	  73.1485  	  237.439  	  1.40991  	  741.81
buffer capacity = 2MB, each block's #vertices =  4194304 , logsize =  32 , segsize =  32 , from echo
273.138  	  86.4186  	  426  	  7.30882  	  23.1008  	  4.55719  	  0.005757  	  2.7109  	  6.92065  	  34.5396  	  5.62485  	  410  	  0.300338  	  1.3418  	  248.549  	  9866  	  5.19652  	  124.927  	  115.264  	  3.10926  	  678.188
270.583  	  86.6774  	  426  	  7.31498  	  23.1809  	  4.57259  	  0.00572  	  2.72767  	  6.94565  	  34.6441  	  5.63845  	  410  	  0.296121  	  1.34337  	  246.444  	  9866  	  5.25479  	  124.755  	  113.278  	  3.10462  	  692.161
270.947  	  86.7041  	  426  	  7.26766  	  23.1829  	  4.51783  	  0.005797  	  2.73049  	  6.96587  	  34.8048  	  5.59652  	  410  	  0.292426  	  1.33214  	  246.409  	  9866  	  5.20561  	  125.142  	  112.841  	  3.16911  	  675.797
buffer capacity = 2MB, each block's #vertices =  4194304 , logsize =  32 , segsize =  64 , from echo
287.625  	  127.712  	  529  	  9.10008  	  29.2981  	  12.6058  	  0.007838  	  4.33782  	  15.8389  	  42.778  	  5.52195  	  211  	  5.24512  	  2.96857  	  263.113  	  9866  	  2.69678  	  112.525  	  145.832  	  2.00917  	  692.794
287.866  	  127.932  	  529  	  9.07482  	  29.4642  	  12.5913  	  0.007786  	  4.38083  	  15.8271  	  42.8556  	  5.50001  	  211  	  5.2409  	  2.97861  	  263.373  	  9866  	  2.69024  	  112.649  	  145.998  	  1.98353  	  692.964
289.589  	  128.289  	  529  	  9.15237  	  29.5009  	  12.6284  	  0.007651  	  4.34823  	  15.8972  	  42.9517  	  5.56138  	  211  	  5.26074  	  2.97092  	  264.84  	  9866  	  2.72242  	  113.712  	  146.294  	  2.05932  	  696.005
buffer capacity = 2MB, each block's #vertices =  4194304 , logsize =  32 , segsize =  128 , from echo
318.468  	  176.396  	  567  	  9.69964  	  32.6865  	  26.7603  	  0.00927  	  6.42201  	  30.9979  	  46.0531  	  4.9224  	  98  	  13.6524  	  5.18194  	  293.953  	  9866  	  1.48332  	  100.681  	  190.185  	  1.5552  	  725.831
321.504  	  178.987  	  567  	  9.72724  	  33.7403  	  26.7779  	  0.008945  	  6.4138  	  31.0112  	  47.6296  	  4.9305  	  98  	  13.5702  	  5.16605  	  296.936  	  9866  	  1.4765  	  100.661  	  193.197  	  1.55292  	  726.183
318.189  	  176.395  	  567  	  9.7046  	  32.6989  	  26.7456  	  0.008464  	  6.40618  	  31.1794  	  45.9536  	  4.88595  	  98  	  13.6385  	  5.16304  	  293.644  	  9866  	  1.46703  	  100.444  	  190.105  	  1.57898  	  721.483
buffer capacity = 2MB, each block's #vertices =  4194304 , logsize =  32 , segsize =  256 , from echo
379.706  	  254.169  	  586  	  9.99349  	  35.5454  	  52.3966  	  0.009267  	  9.33577  	  57.4728  	  47.667  	  4.46658  	  46  	  28.2444  	  9.02566  	  355.098  	  9866  	  0.852155  	  87.2169  	  265.694  	  1.28741  	  798.697
379.262  	  253.608  	  586  	  9.97695  	  35.5835  	  52.0851  	  0.009217  	  9.30426  	  57.4707  	  47.7984  	  4.43696  	  46  	  27.8667  	  9.06387  	  354.688  	  9866  	  0.878424  	  87.0408  	  265.438  	  1.28224  	  785.652
381.946  	  256.067  	  586  	  10.0651  	  35.8373  	  52.6863  	  0.009223  	  9.35504  	  58.0838  	  48.1743  	  4.53893  	  46  	  28.291  	  9.01369  	  357.363  	  9866  	  0.855728  	  87.193  	  267.976  	  1.29091  	  787.399
