281.163  	  114.119  	  509  	  10.1264  	  11.014  	  11.6029  	  0.009723  	  2.91371  	  14.173  	  50.754  	  5.18949  	  188  	  5.22834  	  3.09479  	  252.132  	  9866  	  4.42972  	  104.377  	  139.795  	  3.43736  	  800.32
272.61  	  112.45  	  509  	  10.0128  	  11.3279  	  11.6067  	  0.009402  	  2.80417  	  13.8439  	  49.5754  	  5.09726  	  188  	  5.11352  	  3.04594  	  244.456  	  9866  	  4.20182  	  100.042  	  136.893  	  3.23426  	  763.957
232.921  	  95.7173  	  509  	  8.91745  	  8.82655  	  10.153  	  0.007498  	  2.38864  	  11.7494  	  41.8675  	  4.56714  	  188  	  4.56773  	  2.66284  	  208.087  	  9866  	  3.48664  	  85.454  	  116.802  	  2.29353  	  647.763
216.666  	  75.8987  	  509  	  9.47047  	  10.4553  	  11.3111  	  0.007993  	  2.38706  	  11.7364  	  18.5848  	  4.60564  	  188  	  4.60741  	  2.72295  	  191.019  	  9866  	  3.47442  	  86.5597  	  98.5972  	  2.33509  	  615.495
227.351  	  84.3635  	  509  	  9.96765  	  12.1767  	  11.6853  	  0.00917  	  2.75533  	  13.0719  	  21.2791  	  5.00032  	  188  	  5.13973  	  3.26589  	  199.662  	  9866  	  4.02688  	  84.8101  	  107.72  	  3.02651  	  712.338
200.941  	  76.9556  	  509  	  9.58415  	  10.521  	  11.8521  	  0.007412  	  2.38781  	  11.828  	  18.7117  	  4.60223  	  188  	  4.62922  	  2.82221  	  176.191  	  9866  	  3.4829  	  73.9455  	  96.3657  	  2.3415  	  612.693
199.307  	  75.5016  	  509  	  9.29452  	  10.438  	  11.0033  	  0.007479  	  2.35896  	  11.7645  	  18.5037  	  4.62903  	  188  	  4.63359  	  2.85891  	  174.668  	  9866  	  3.46071  	  74.1818  	  94.6536  	  2.32065  	  610.885

2020.12.3 
app = dynamictest, dataset = Friendster, SSD-RAID0
Turn on Page Cache, clear pagecache each time
addEdges	compaction	#compaction	1_loadLog	2_computeDegree	3_loadSubGraph	4_mallocNewCSR	5_compBeg	6_copyCSR	7_mergeLog2CSR	8_splitSubGraph	#splitSubGraph	8_writeSubGraph	9_free	flush	#flush	1_malloc	2_log_classification	3_write_logs	4_free	runtime
3. Two-level blocking
buffer capacity = 2MB, each block's #vertices =  1048576 , logsize =  32 , segsize =  32 , from echo
201.363  	  52.3595  	  468  	  8.11119  	  9.17792  	  4.05602  	  0.005899  	  1.6156  	  5.54333  	  16.794  	  5.08559  	  413  	  0.519796  	  1.44133  	  176.77  	  9866  	  5.89831  	  88.0884  	  79.3986  	  3.3326  	  615.364
201.513  	  52.7697  	  468  	  8.1739  	  9.26409  	  4.06607  	  0.005969  	  1.62558  	  5.55843  	  16.9911  	  5.10862  	  413  	  0.526421  	  1.44094  	  176.85  	  9866  	  5.87626  	  87.9735  	  79.6107  	  3.33541  	  616.194
201.579  	  52.4893  	  468  	  8.10404  	  9.22322  	  4.06728  	  0.006064  	  1.61611  	  5.51571  	  16.8778  	  5.10875  	  413  	  0.518292  	  1.4433  	  176.925  	  9866  	  5.94266  	  88.1808  	  79.3986  	  3.34829  	  616.173
buffer capacity = 2MB, each block's #vertices =  1048576 , logsize =  32 , segsize =  64 , from echo
197.961  	  73.4825  	  509  	  8.78717  	  10.4772  	  10.0818  	  0.007561  	  2.35006  	  11.6571  	  18.4851  	  4.53092  	  188  	  4.56319  	  2.53245  	  173.321  	  9866  	  3.44398  	  74.4216  	  93.1319  	  2.27068  	  612.915
196.977  	  73.3066  	  509  	  8.77198  	  10.4017  	  10.04  	  0.007248  	  2.35674  	  11.6429  	  18.4284  	  4.53957  	  188  	  4.56822  	  2.53994  	  172.318  	  9866  	  3.44166  	  74.2295  	  92.3369  	  2.25728  	  611.091
199.109  	  73.7404  	  509  	  8.79959  	  10.492  	  10.056  	  0.007336  	  2.34592  	  11.6749  	  18.6895  	  4.54313  	  188  	  4.58372  	  2.5382  	  174.455  	  9866  	  3.49536  	  74.2796  	  94.3524  	  2.27432  	  612.885
buffer capacity = 2MB, each block's #vertices =  1048576 , logsize =  32 , segsize =  128 , from echo
210.237  	  106.638  	  557  	  9.62579  	  11.8313  	  20.382  	  0.008191  	  3.22835  	  22.223  	  20.2519  	  3.61246  	  76  	  11.3822  	  4.08109  	  185.588  	  9866  	  2.29001  	  59.4884  	  121.829  	  1.9306  	  625.311
210.111  	  106.8  	  557  	  9.63221  	  11.8925  	  20.3847  	  0.008554  	  3.23993  	  22.1768  	  20.3596  	  3.59673  	  76  	  11.4397  	  4.05852  	  185.459  	  9866  	  2.29011  	  59.3466  	  121.837  	  1.93519  	  624.597
210.437  	  106.846  	  557  	  9.66155  	  11.8432  	  20.429  	  0.008481  	  3.22794  	  22.2932  	  20.1579  	  3.63308  	  76  	  11.5063  	  4.07413  	  185.762  	  9866  	  2.28128  	  59.4577  	  122.025  	  1.94732  	  658.087
buffer capacity = 2MB, each block's #vertices =  1048576 , logsize =  32 , segsize =  256 , from echo
228.547  	  142.289  	  569  	  9.81191  	  12.5016  	  32.8675  	  0.008624  	  4.03745  	  34.792  	  20.7063  	  2.00516  	  22  	  19.8181  	  5.7287  	  203.879  	  9866  	  1.76806  	  44.6319  	  155.592  	  1.83852  	  642.633
228.405  	  142.314  	  569  	  9.82152  	  12.4716  	  33.0115  	  0.008912  	  4.05571  	  34.8508  	  20.7126  	  2.00434  	  22  	  19.6085  	  5.75661  	  203.73  	  9866  	  1.77197  	  44.656  	  155.412  	  1.84324  	  657.276
231.426  	  142.555  	  569  	  9.84369  	  12.5419  	  33.0292  	  0.008645  	  4.02539  	  34.9027  	  20.7055  	  2.02372  	  22  	  19.7038  	  5.75969  	  206.695  	  9866  	  1.77462  	  44.7238  	  158.299  	  1.84887  	  647.126




2020.12.3 
app = dynamictest, dataset = Friendster, SSD-RAID0
Turn on Page Cache, clear pagecache each time
addEdges	compaction	#compaction	1_loadLog	2_computeDegree	3_loadSubGraph	4_mallocNewCSR	5_compBeg	6_copyCSR	7_mergeLog2CSR	8_splitSubGraph	#splitSubGraph	8_writeSubGraph	9_free	flush	#flush	1_malloc	2_log_classification	3_write_logs	4_free	runtime
3. Two-level blocking
buffer capacity = 2MB, each block's #vertices =  32768 , logsize =  2 , segsize =  32 , from echo
250.674  	  53.3019  	  8837  	  3.93638  	  9.76141  	  7.42796  	  0.014188  	  1.34452  	  5.1261  	  15.5758  	  9.91056  	  0.115435  	  225.585  	  9866  	  3.67247  	  35.6266  	  181.727  	  4.50178  	  660.434
249.928  	  53.1514  	  8837  	  3.90786  	  9.69137  	  7.42858  	  0.014364  	  1.34809  	  5.1475  	  15.5054  	  9.90165  	  0.118104  	  224.957  	  9866  	  3.78859  	  35.4649  	  181.165  	  4.48121  	  659.865
252.177  	  53.2956  	  8837  	  3.92713  	  9.70859  	  7.44142  	  0.014413  	  1.34951  	  5.13183  	  15.5674  	  9.94348  	  0.121912  	  225.468  	  9866  	  3.698  	  35.5445  	  181.65  	  4.51861  	  668.353
buffer capacity = 2MB, each block's #vertices =  32768 , logsize =  2 , segsize =  64 , from echo
256.626  	  53.3941  	  8837  	  3.96114  	  9.71612  	  7.44726  	  0.016091  	  1.34796  	  5.13697  	  15.5765  	  9.98122  	  0.117542  	  231.668  	  9866  	  3.69288  	  35.6045  	  187.397  	  4.91358  	  666.468
281.831  	  53.7609  	  8837  	  3.95842  	  9.82128  	  7.48913  	  0.014828  	  1.35663  	  5.24835  	  15.6592  	  10.0038  	  0.119094  	  256.747  	  9866  	  3.67096  	  35.6233  	  212.888  	  4.50737  	  693.743
279.015  	  53.7324  	  8837  	  3.95782  	  9.82305  	  7.48401  	  0.014311  	  1.36355  	  5.16275  	  15.6896  	  10.0266  	  0.119607  	  253.889  	  9866  	  3.8321  	  35.6515  	  209.827  	  4.5215  	  689.532
buffer capacity = 2MB, each block's #vertices =  32768 , logsize =  2 , segsize =  128 , from echo
265.996  	  53.7018  	  8837  	  3.97392  	  9.79782  	  7.50362  	  0.014312  	  1.36003  	  5.18244  	  15.6626  	  9.99895  	  0.118401  	  240.973  	  9866  	  3.71813  	  35.7275  	  196.964  	  4.50672  	  677.935
265.564  	  53.6402  	  8837  	  3.9519  	  9.75898  	  7.47908  	  0.014529  	  1.34715  	  5.14258  	  15.565  	  10.1719  	  0.120051  	  240.379  	  9866  	  3.85138  	  35.5869  	  196.278  	  4.60649  	  675.786
253.317  	  53.2601  	  8837  	  3.96746  	  9.70096  	  7.46799  	  0.01455  	  1.35148  	  5.13809  	  15.4968  	  9.91437  	  0.120372  	  228.341  	  9866  	  3.6605  	  35.6445  	  184.527  	  4.4517  	  662.995
buffer capacity = 2MB, each block's #vertices =  32768 , logsize =  2 , segsize =  256 , from echo
252.103  	  53.4524  	  8837  	  3.95358  	  9.73407  	  7.4806  	  0.014529  	  1.34884  	  5.1678  	  15.5521  	  9.99094  	  0.119159  	  227.125  	  9866  	  3.66111  	  35.6802  	  183.26  	  4.46808  	  661.348
252.178  	  53.3433  	  8837  	  3.94672  	  9.73381  	  7.47871  	  0.013676  	  1.35166  	  5.13594  	  15.5393  	  9.93447  	  0.120131  	  227.271  	  9866  	  3.77669  	  35.4935  	  183.284  	  4.65996  	  661.925
251.758  	  53.3403  	  8837  	  3.96791  	  9.68716  	  7.47152  	  0.014327  	  1.34796  	  5.15427  	  15.5375  	  9.94895  	  0.121337  	  226.639  	  9866  	  3.67637  	  35.6052  	  182.804  	  4.49797  	  661.616
buffer capacity = 2MB, each block's #vertices =  65536 , logsize =  4 , segsize =  32 , from echo
196.062  	  57.6994  	  4424  	  4.14529  	  9.74134  	  7.75071  	  0.012213  	  1.39451  	  6.49037  	  15.7355  	  12.095  	  0.286681  	  171.289  	  9866  	  1.77464  	  34.6553  	  132.728  	  2.07882  	  607.448
195.248  	  57.88  	  4424  	  4.15946  	  9.72624  	  7.81214  	  0.012542  	  1.39359  	  6.52159  	  15.7301  	  12.1844  	  0.291221  	  170.442  	  9866  	  1.80844  	  34.6924  	  131.806  	  2.08297  	  604.883
195.323  	  57.7956  	  4424  	  4.13852  	  9.73102  	  7.79625  	  0.012903  	  1.40191  	  6.56121  	  15.7296  	  12.0849  	  0.289778  	  170.611  	  9866  	  1.76783  	  34.6166  	  132.096  	  2.07832  	  605.388
buffer capacity = 2MB, each block's #vertices =  65536 , logsize =  4 , segsize =  64 , from echo
194.742  	  57.6796  	  4424  	  4.15715  	  9.71468  	  7.78248  	  0.012083  	  1.39356  	  6.50822  	  15.6973  	  12.0771  	  0.288973  	  169.976  	  9866  	  1.7671  	  34.7346  	  131.271  	  2.15052  	  605.175
195.493  	  57.841  	  4424  	  4.13989  	  9.73364  	  7.80319  	  0.012925  	  1.39858  	  6.51813  	  15.7566  	  12.142  	  0.287847  	  170.534  	  9866  	  1.78424  	  34.873  	  131.739  	  2.08471  	  613.995
196.25  	  57.6606  	  4424  	  4.13972  	  9.73348  	  7.77235  	  0.012164  	  1.39174  	  6.48669  	  15.6995  	  12.0844  	  0.291012  	  171.507  	  9866  	  1.78661  	  34.6463  	  132.944  	  2.07778  	  607.905
buffer capacity = 2MB, each block's #vertices =  65536 , logsize =  4 , segsize =  128 , from echo
197.888  	  57.9149  	  4424  	  4.15005  	  9.7531  	  7.84105  	  0.012566  	  1.39741  	  6.51667  	  15.765  	  12.1418  	  0.288511  	  173.135  	  9866  	  1.7759  	  34.6992  	  134.543  	  2.06493  	  606.842
198.564  	  57.8541  	  4424  	  4.14993  	  9.72822  	  7.81181  	  0.012571  	  1.40146  	  6.51303  	  15.7533  	  12.1417  	  0.293447  	  173.739  	  9866  	  1.77374  	  37.2995  	  132.538  	  2.07662  	  609.153
235.037  	  57.8777  	  4424  	  4.15917  	  9.7967  	  7.77586  	  0.012654  	  1.40132  	  6.52108  	  15.7634  	  12.1107  	  0.287523  	  210.095  	  9866  	  1.79139  	  34.7838  	  171.371  	  2.0961  	  645.693
buffer capacity = 2MB, each block's #vertices =  65536 , logsize =  4 , segsize =  256 , from echo
231.481  	  57.9873  	  4424  	  4.16346  	  9.83838  	  7.80775  	  0.01269  	  1.40581  	  6.53051  	  15.7977  	  12.0923  	  0.29048  	  206.526  	  9866  	  1.82469  	  34.9294  	  167.551  	  2.1681  	  642.562
202.632  	  57.9325  	  4424  	  4.16881  	  9.77915  	  7.81295  	  0.012492  	  1.40326  	  6.49324  	  15.7766  	  12.1424  	  0.291983  	  177.843  	  9866  	  1.77523  	  34.7085  	  139.219  	  2.08778  	  613.209
217.987  	  57.7893  	  4424  	  4.14892  	  9.74357  	  7.78909  	  0.012176  	  1.40126  	  6.49137  	  15.7615  	  12.1023  	  0.28971  	  193.031  	  9866  	  1.79164  	  34.6837  	  154.401  	  2.10121  	  630.574
buffer capacity = 2MB, each block's #vertices =  131072 , logsize =  8 , segsize =  32 , from echo
182.738  	  70.6637  	  2155  	  6.64999  	  9.46535  	  11.1657  	  0.017662  	  1.68115  	  12.7519  	  16.4123  	  1.94628  	  168  	  9.85953  	  0.68159  	  158.11  	  9866  	  1.90991  	  38.3784  	  114.951  	  2.81338  	  592.49
181.526  	  70.4994  	  2155  	  6.64199  	  9.44852  	  11.1553  	  0.016511  	  1.6794  	  12.7498  	  16.376  	  1.94931  	  168  	  9.77396  	  0.680453  	  156.999  	  9866  	  1.92056  	  38.1939  	  114.013  	  2.8212  	  590.629
182.348  	  70.6704  	  2155  	  6.64489  	  9.50025  	  11.1973  	  0.017157  	  1.68357  	  12.7748  	  16.4073  	  1.96152  	  168  	  9.77534  	  0.679489  	  157.814  	  9866  	  1.90221  	  38.3224  	  114.735  	  2.80276  	  593.068
buffer capacity = 2MB, each block's #vertices =  131072 , logsize =  8 , segsize =  64 , from echo
170.412  	  67.9533  	  2209  	  4.39544  	  9.75128  	  9.1725  	  0.017897  	  1.50133  	  12.3796  	  16.3984  	  13.157  	  1.15108  	  145.8  	  9866  	  0.896054  	  33.9545  	  109.916  	  0.985008  	  583.155
169.267  	  67.5265  	  2209  	  4.3878  	  9.69088  	  9.15097  	  0.01822  	  1.50122  	  12.353  	  16.3423  	  12.9015  	  1.15128  	  144.671  	  9866  	  0.899018  	  33.9337  	  108.812  	  0.977475  	  579.922
169.522  	  67.7943  	  2209  	  4.40084  	  9.74495  	  9.17349  	  0.017628  	  1.50199  	  12.4166  	  16.4392  	  12.9253  	  1.1459  	  144.865  	  9866  	  0.924339  	  34.0345  	  108.87  	  0.987385  	  579.741
buffer capacity = 2MB, each block's #vertices =  131072 , logsize =  8 , segsize =  128 , from echo
169.441  	  67.6243  	  2209  	  4.38063  	  9.72736  	  9.17239  	  0.017649  	  1.49905  	  12.4012  	  16.3645  	  12.8868  	  1.14651  	  144.877  	  9866  	  0.914217  	  33.9558  	  108.964  	  0.99503  	  580.085
171.443  	  67.6169  	  2209  	  4.39535  	  9.6907  	  9.16524  	  0.017804  	  1.49794  	  12.3826  	  16.368  	  12.9241  	  1.14582  	  146.805  	  9866  	  0.900159  	  36.1838  	  108.696  	  0.975408  	  582.371
170.375  	  67.7577  	  2209  	  4.37401  	  9.70237  	  9.18253  	  0.018465  	  1.50991  	  12.4035  	  16.3949  	  12.9797  	  1.16376  	  145.805  	  9866  	  0.895925  	  33.9384  	  109.941  	  0.98074  	  580.899
buffer capacity = 2MB, each block's #vertices =  131072 , logsize =  8 , segsize =  256 , from echo
169.391  	  67.7513  	  2209  	  4.38855  	  9.70809  	  9.16423  	  0.018164  	  1.504  	  12.4218  	  16.4196  	  12.9514  	  1.14632  	  144.752  	  9866  	  0.891795  	  33.9746  	  108.816  	  1.01928  	  579.678
171.144  	  67.9411  	  2209  	  4.40937  	  9.76307  	  9.21127  	  0.01836  	  1.51137  	  12.4503  	  16.4312  	  12.9678  	  1.15024  	  146.518  	  9866  	  0.890082  	  33.9934  	  110.594  	  0.992628  	  583.624
171.203  	  67.9355  	  2209  	  4.38987  	  9.77406  	  9.17888  	  0.018904  	  1.51103  	  12.4378  	  16.4993  	  12.9491  	  1.14722  	  146.523  	  9866  	  0.897855  	  34.0036  	  110.569  	  1.00295  	  582.703
buffer capacity = 2MB, each block's #vertices =  262144 , logsize =  16 , segsize =  32 , from echo
200.411  	  60.2857  	  984  	  7.92519  	  9.31611  	  7.45981  	  0.010259  	  1.56418  	  8.97746  	  16.0514  	  3.44221  	  294  	  4.38245  	  1.14062  	  175.688  	  9866  	  8.69351  	  59.5031  	  102.079  	  5.35827  	  610.501
196.709  	  60.154  	  984  	  7.92222  	  9.28567  	  7.4272  	  0.010219  	  1.56508  	  8.93881  	  15.992  	  3.48052  	  294  	  4.37811  	  1.138  	  172.122  	  9866  	  8.68281  	  59.4426  	  98.2432  	  5.69507  	  621.695
194.489  	  60.0974  	  984  	  7.89731  	  9.25794  	  7.42806  	  0.009912  	  1.56614  	  8.94779  	  16.0125  	  3.45019  	  294  	  4.38037  	  1.13192  	  169.909  	  9866  	  8.65538  	  59.429  	  96.4819  	  5.28861  	  604.554
buffer capacity = 2MB, each block's #vertices =  262144 , logsize =  16 , segsize =  64 , from echo
193.413  	  81.4542  	  1075  	  8.64866  	  10.2678  	  14.0221  	  0.012978  	  1.98543  	  15.4788  	  17.5288  	  1.98274  	  85  	  9.55492  	  1.95427  	  168.882  	  9866  	  6.81114  	  44.5754  	  112.805  	  4.63848  	  606.002
188.287  	  81.0455  	  1075  	  8.61509  	  10.2701  	  13.9534  	  0.012784  	  1.97153  	  15.3589  	  17.4125  	  1.99377  	  85  	  9.50374  	  1.93651  	  163.806  	  9866  	  6.55761  	  44.4582  	  107.892  	  4.845  	  607.042
188.107  	  81.2998  	  1075  	  8.587  	  10.2868  	  13.9372  	  0.012868  	  1.98622  	  15.4267  	  17.6154  	  1.99046  	  85  	  9.50626  	  1.93355  	  163.608  	  9866  	  6.5579  	  44.5676  	  107.82  	  4.61047  	  597.925
buffer capacity = 2MB, each block's #vertices =  262144 , logsize =  16 , segsize =  128 , from echo
189.253  	  88.26  	  1101  	  8.78922  	  10.5839  	  16.2711  	  0.013721  	  2.08557  	  17.705  	  17.9565  	  12.6273  	  2.20958  	  164.702  	  9866  	  6.09929  	  40.2458  	  113.758  	  4.54503  	  600.13
189.718  	  88.3839  	  1101  	  8.82457  	  10.5574  	  16.3883  	  0.013329  	  2.08567  	  17.7755  	  17.8846  	  12.6398  	  2.19665  	  165.205  	  9866  	  6.07179  	  40.0938  	  114.551  	  4.43666  	  598.944
188.101  	  88.0269  	  1101  	  8.76902  	  10.5403  	  16.1746  	  0.012954  	  2.07999  	  17.691  	  17.885  	  12.6557  	  2.20119  	  163.612  	  9866  	  6.04479  	  40.04  	  113.068  	  4.40944  	  597.375
buffer capacity = 2MB, each block's #vertices =  262144 , logsize =  16 , segsize =  256 , from echo
190.461  	  88.1697  	  1101  	  8.8003  	  10.519  	  16.2226  	  0.013721  	  2.08148  	  17.6816  	  17.9736  	  12.6594  	  2.20056  	  165.959  	  9866  	  6.3114  	  40.0989  	  115.067  	  4.43094  	  600.065
188.671  	  88.0847  	  1101  	  8.78919  	  10.5336  	  16.2433  	  0.013521  	  2.09154  	  17.6541  	  17.9124  	  12.6223  	  2.20696  	  164.17  	  9866  	  6.06753  	  40.0762  	  113.44  	  4.53456  	  598.236
188.908  	  88.0791  	  1101  	  8.78913  	  10.5699  	  16.1985  	  0.013321  	  2.08724  	  17.6702  	  17.9108  	  12.6061  	  2.2169  	  164.393  	  9866  	  6.0972  	  40.1718  	  113.616  	  4.45677  	  598.38
buffer capacity = 2MB, each block's #vertices =  524288 , logsize =  32 , segsize =  32 , from echo
186.878  	  48.1024  	  469  	  7.92473  	  8.75973  	  3.37945  	  0.005418  	  1.16335  	  4.61602  	  15.9275  	  4.48691  	  374  	  0.742417  	  1.08847  	  162.401  	  9866  	  6.62926  	  73.9019  	  78.0485  	  3.76791  	  594.945
185.437  	  48.2383  	  469  	  7.92801  	  8.79411  	  3.38543  	  0.005609  	  1.17614  	  4.61089  	  16.0199  	  4.46445  	  374  	  0.753246  	  1.09186  	  160.985  	  9866  	  6.61218  	  73.8283  	  76.7475  	  3.74298  	  595.198
186.345  	  48.2509  	  469  	  7.94262  	  8.79391  	  3.39344  	  0.005596  	  1.16449  	  4.62913  	  15.9763  	  4.49178  	  374  	  0.744742  	  1.10023  	  161.873  	  9866  	  6.60961  	  73.6905  	  77.7628  	  3.75653  	  595.672
buffer capacity = 2MB, each block's #vertices =  524288 , logsize =  32 , segsize =  64 , from echo
174.229  	  62.5108  	  490  	  8.24714  	  9.39912  	  7.76841  	  0.006396  	  1.56545  	  9.07749  	  16.7965  	  3.51677  	  149  	  4.29163  	  1.83272  	  149.749  	  9866  	  4.33329  	  58.899  	  83.6227  	  2.84325  	  583.924
180.32  	  62.596  	  490  	  8.29964  	  9.42171  	  7.76601  	  0.006323  	  1.5717  	  9.11414  	  16.7718  	  3.50077  	  149  	  4.30879  	  1.82564  	  155.743  	  9866  	  4.35866  	  59.0911  	  89.5034  	  2.73936  	  594.306
183.239  	  62.7137  	  490  	  8.2876  	  9.43655  	  7.80146  	  0.006422  	  1.56686  	  9.13033  	  16.8264  	  3.51774  	  149  	  4.30835  	  1.82276  	  158.673  	  9866  	  4.36311  	  58.9969  	  92.5246  	  2.73815  	  597.06
buffer capacity = 2MB, each block's #vertices =  524288 , logsize =  32 , segsize =  128 , from echo
176.684  	  83.905  	  536  	  9.02259  	  10.5757  	  13.9789  	  0.007319  	  1.99937  	  15.5663  	  18.4657  	  2.05516  	  44  	  9.56148  	  2.6621  	  152.191  	  9866  	  3.29667  	  44.1165  	  102.356  	  2.37407  	  587.246
179.557  	  83.8971  	  536  	  9.0337  	  10.5135  	  14.0445  	  0.007155  	  1.98577  	  15.591  	  18.3724  	  2.05516  	  44  	  9.60214  	  2.68116  	  155.05  	  9866  	  3.32003  	  44.2529  	  105.034  	  2.39524  	  592.48
176.259  	  83.9941  	  536  	  9.07325  	  10.459  	  14.0814  	  0.00734  	  1.9902  	  15.6344  	  18.3252  	  2.04878  	  44  	  9.6758  	  2.68875  	  151.745  	  9866  	  3.31864  	  44.2456  	  101.75  	  2.38183  	  586.764
buffer capacity = 2MB, each block's #vertices =  524288 , logsize =  32 , segsize =  256 , from echo
177.98  	  91.6214  	  554  	  9.28598  	  10.8838  	  16.4626  	  0.007688  	  2.1017  	  17.9806  	  18.9773  	  12.8789  	  3.03236  	  153.465  	  9866  	  3.06046  	  39.8778  	  108.185  	  2.2941  	  588.248
178.794  	  92.2357  	  554  	  9.32913  	  10.9675  	  16.609  	  0.007681  	  2.10679  	  18.0927  	  19.0923  	  12.9411  	  3.07903  	  154.338  	  9866  	  3.07742  	  39.9433  	  108.969  	  2.30303  	  588.049
178.524  	  92.0646  	  554  	  9.30494  	  10.9431  	  16.5242  	  0.007797  	  2.10804  	  18.0989  	  19.0656  	  12.9272  	  3.07412  	  154.064  	  9866  	  3.05969  	  39.8318  	  108.828  	  2.29522  	  587.045
buffer capacity = 2MB, each block's #vertices =  1048576 , logsize =  64 , segsize =  32 , from echo
173.633  	  40.889  	  208  	  6.92736  	  7.9765  	  1.95247  	  0.002902  	  0.929863  	  2.92347  	  15.1938  	  4.06663  	  208  	  0.911875  	  149.196  	  9866  	  3.79247  	  81.0996  	  61.9124  	  2.33944  	  583.798
173.993  	  40.7963  	  208  	  6.9393  	  7.91302  	  1.9499  	  0.002815  	  0.930082  	  2.94112  	  15.1128  	  4.08226  	  208  	  0.920967  	  149.488  	  9866  	  3.80985  	  81.3441  	  61.9174  	  2.36453  	  583.659
173.454  	  40.7285  	  208  	  6.95579  	  7.88565  	  1.9662  	  0.002855  	  0.926117  	  2.93257  	  15.0875  	  4.04996  	  208  	  0.917805  	  148.925  	  9866  	  3.80392  	  81.0463  	  61.6801  	  2.3429  	  584.086
buffer capacity = 2MB, each block's #vertices =  1048576 , logsize =  64 , segsize =  64 , from echo
172.817  	  50.3  	  236  	  7.89618  	  9.11663  	  3.6213  	  0.003339  	  1.18268  	  4.7081  	  17.0729  	  4.5486  	  188  	  0.744079  	  1.40156  	  148.367  	  9866  	  3.30956  	  73.4379  	  69.5428  	  2.02553  	  583.582
173.066  	  50.3128  	  236  	  7.88489  	  9.08682  	  3.63349  	  0.003314  	  1.19168  	  4.68954  	  17.0757  	  4.57783  	  188  	  0.746336  	  1.41816  	  148.621  	  9866  	  3.31474  	  73.3654  	  69.8175  	  2.06899  	  582.904
197.552  	  56.4165  	  236  	  8.63717  	  10.4593  	  3.94694  	  0.00395  	  1.32972  	  5.21718  	  19.4435  	  4.99542  	  188  	  0.791456  	  1.58634  	  170.491  	  9866  	  3.90459  	  83.6353  	  80.1693  	  2.70853  	  668.678
buffer capacity = 2MB, each block's #vertices =  1048576 , logsize =  64 , segsize =  128 , from echo
195.969  	  74.8224  	  248  	  9.27224  	  11.7861  	  8.97297  	  0.004614  	  1.91618  	  10.4084  	  21.3358  	  3.97109  	  76  	  4.7909  	  2.35777  	  168.004  	  9866  	  2.64817  	  69.1869  	  93.8619  	  2.22914  	  688.006
197.721  	  75.1265  	  248  	  9.32755  	  11.8265  	  9.00068  	  0.004705  	  1.87882  	  10.4674  	  21.4252  	  3.95774  	  76  	  4.83921  	  2.39242  	  169.65  	  9866  	  2.66437  	  69.988  	  94.6411  	  2.27793  	  694.882
198.584  	  74.5951  	  248  	  9.26854  	  11.7812  	  8.97373  	  0.004315  	  1.86705  	  10.3475  	  21.1764  	  3.98572  	  76  	  4.78465  	  2.39993  	  170.65  	  9866  	  2.63831  	  69.4953  	  96.1724  	  2.26642  	  697.678
buffer capacity = 2MB, each block's #vertices =  1048576 , logsize =  64 , segsize =  256 , from echo
190.238  	  94.3551  	  270  	  9.77506  	  12.2475  	  15.3513  	  0.004875  	  2.3118  	  16.9649  	  21.9261  	  2.20046  	  22  	  10.3243  	  3.24231  	  163.399  	  9866  	  1.94696  	  49.1385  	  110.472  	  1.77515  	  694.081
174.869  	  86.0135  	  270  	  8.97003  	  10.9409  	  14.2453  	  0.00397  	  2.04924  	  15.7229  	  19.5024  	  2.07179  	  22  	  9.5817  	  2.91975  	  146.435  	  9866  	  1.69247  	  44.1517  	  99.1003  	  1.44377  	  587.707
171.891  	  86.5013  	  270  	  9.03663  	  11.0029  	  14.3338  	  0.003994  	  2.03471  	  15.7926  	  19.6372  	  2.10006  	  22  	  9.65398  	  2.89998  	  147.334  	  9866  	  1.69535  	  44.1886  	  99.9519  	  1.45085  	  585.63
buffer capacity = 2MB, each block's #vertices =  2097152 , logsize =  128 , segsize =  32 , from echo
171.669  	  43.2224  	  106  	  7.0533  	  8.41035  	  2.1673  	  0.001629  	  0.945904  	  3.05134  	  16.3156  	  4.21939  	  106  	  1.05532  	  143.388  	  9866  	  1.91515  	  81.4946  	  58.4586  	  1.46859  	  582.31
167.428  	  43.0512  	  106  	  7.05028  	  8.30449  	  2.15125  	  0.001463  	  0.944369  	  3.03646  	  16.2746  	  4.22872  	  106  	  1.05731  	  142.985  	  9866  	  1.91501  	  81.7561  	  57.8064  	  1.45634  	  577.64
166.519  	  43.1426  	  106  	  6.9675  	  8.41705  	  2.14659  	  0.001481  	  0.939512  	  3.01684  	  16.3936  	  4.19608  	  106  	  1.06173  	  142.052  	  9866  	  1.91594  	  81.0317  	  57.5979  	  1.45695  	  576.647
buffer capacity = 2MB, each block's #vertices =  2097152 , logsize =  128 , segsize =  64 , from echo
166.569  	  43.2384  	  106  	  7.06151  	  8.34773  	  2.1594  	  0.001651  	  0.95087  	  3.04388  	  16.3852  	  4.22564  	  106  	  1.06027  	  142.177  	  9866  	  1.95587  	  80.9335  	  57.7754  	  1.46181  	  579.433
166.14  	  42.9  	  106  	  6.97389  	  8.35204  	  2.15151  	  0.001472  	  0.950933  	  3.02288  	  16.1834  	  4.19018  	  106  	  1.07147  	  141.694  	  9866  	  1.89624  	  80.891  	  57.4056  	  1.45276  	  576.373
166.789  	  43.1691  	  106  	  7.07614  	  8.39721  	  2.17154  	  0.001538  	  0.95293  	  3.04112  	  16.261  	  4.20917  	  106  	  1.05627  	  142.406  	  9866  	  1.91405  	  80.8039  	  58.1774  	  1.46132  	  577.358
buffer capacity = 2MB, each block's #vertices =  2097152 , logsize =  128 , segsize =  128 , from echo
165.092  	  50.7733  	  116  	  7.68573  	  9.33749  	  3.58043  	  0.001708  	  1.19608  	  4.67418  	  17.7682  	  4.45464  	  92  	  0.747945  	  1.32439  	  140.62  	  9866  	  1.68422  	  73.1979  	  64.3185  	  1.37004  	  575.229
164.903  	  50.6257  	  116  	  7.65928  	  9.33002  	  3.60784  	  0.001672  	  1.19379  	  4.66207  	  17.6886  	  4.41758  	  92  	  0.735603  	  1.32689  	  140.46  	  9866  	  1.66005  	  73.062  	  64.3241  	  1.36409  	  574.506
164.619  	  50.6587  	  116  	  7.69444  	  9.31939  	  3.5639  	  0.001701  	  1.19217  	  4.64616  	  17.6908  	  4.47447  	  92  	  0.750083  	  1.32328  	  140.227  	  9866  	  1.65861  	  72.8897  	  64.2677  	  1.3621  	  574.37
buffer capacity = 2MB, each block's #vertices =  2097152 , logsize =  128 , segsize =  256 , from echo
163.97  	  67.4639  	  126  	  8.37279  	  10.5685  	  8.12566  	  0.002015  	  1.6321  	  9.43887  	  19.2811  	  3.53255  	  37  	  4.50984  	  1.99773  	  139.59  	  9866  	  1.11139  	  58.3039  	  78.9482  	  1.17978  	  573.762
164.398  	  66.9918  	  126  	  8.33016  	  10.4204  	  8.08154  	  0.002012  	  1.60823  	  9.38492  	  19.1695  	  3.50428  	  37  	  4.49719  	  1.9907  	  139.995  	  9866  	  1.12457  	  58.5058  	  79.1449  	  1.17315  	  575.279
164.183  	  67.4105  	  126  	  8.33198  	  10.5154  	  8.07576  	  0.001967  	  1.63049  	  9.40862  	  19.4374  	  3.49645  	  37  	  4.50165  	  2.00801  	  139.767  	  9866  	  1.11795  	  58.4809  	  78.935  	  1.18523  	  573.88
